0;2,3,4,5,9
1;2,4,9
2;5,14
3;5,8,14
4;5
5;1,6,16
6;5,14
7;2,4
8;1
9;1,2,16
10;5,8,14
11;5,11
12;2,3,4
13;8
14;1,2,14
15;6,8
16;8,14
17;5
18;5
19;1,5,6,8,16
20;5,6,16
21;6,8,11,13,16
22;1,6,16
23;8,15
24;8,14
25;8
26;4,8
27;8,14
28;2,8,9,13,15
29;6,8
30;8
31;13,15,16
32;4,8
33;6,8
34;4,5
35;5,14
36;8
37;8,17
38;1,6,8
39;8
40;1,2,9
41;5,8,16
42;8,14
43;13,16
44;3,4,8,12,14
45;8,14
46;6,13,16
47;5,8,14
48;2,8
49;4,5
50;8
51;8
52;5,8,14
53;2,4,9
54;8,16
55;8
56;5,6
57;5,14
58;5
59;1,15,16
60;5,14
61;5
62;1,5,11,16
63;1
64;5,8
65;8,17
66;8,14
67;5,8
68;1,15,16
69;7
70;1,6,8,16
71;8,16
72;4,8
73;6,8,14
74;5,8
75;8,14
76;8,14
77;1,2,8
78;4,5
79;5
80;1,16
81;8,11,16
82;5,11,14
83;5,8,14
84;1,2,16
85;5,8
86;6,8
87;7
88;8,16
89;2,5,6,14
90;5
91;13,15,16
92;5
93;8,14
94;5,8
95;2,4,5,12
96;7
97;1,8,17
98;6,8,16
99;1,2,5,6
100;8,13
101;7
102;6,8
103;5,14
104;5
105;8
106;5,14
107;8,13,14
108;5
109;2,4,9
110;7
111;5,14
112;16
113;5
114;7
115;8,14
116;5
117;5
118;1,5,6,8,16
119;2,4
120;8
121;8
122;6,8,16
123;2,8
124;1,8,14,17
125;8,11
126;1,2,5,6
127;8
128;2,8,17
129;5,8
130;5,17
131;2,4
132;6,8,13
133;1,2,13,15
134;8,16,17
135;7
136;1,14,18
137;6,10,13,16
138;1,6,16
139;5,6,8
140;1,8,14
141;2,4,8
142;1,2,6,16
143;5,8
144;1,15,16
145;1,6,15
146;5
147;8
148;5
149;11
150;5,8
151;8,14
152;5,14
153;1,4
154;5,11,16
155;8
156;1,6,16
157;5,14
158;5
159;9,11,13
160;5,9
161;16
162;8,14
163;8
164;5,8
165;5,8,14
166;11,15
167;1,6,8,13,15,16
168;8,12,14
169;8,9
170;8,14
171;5
172;1
173;5,8
174;7
175;8,14
176;1,2,15
177;8
178;18
179;8
180;2,5,6,13
181;8
182;8,17
183;8,14
184;5
185;8,16
186;5,8
187;8
188;11
189;8,14
190;5
191;5,8,14
192;8,16
193;1,16
194;5
195;8,16
196;8,16
197;2,5
198;5,8,14
199;8
200;5
201;5,8
202;1,5,14
203;5,14
204;2,4
205;3,4,5,14
206;16
207;4,8
208;8,12
209;4,5,9
210;7
211;6,8
212;5
213;8,14
214;4,5
215;1
216;5,14
217;8,11
218;8
219;5
220;5,15
221;13,16
222;2,4,5,9,14
223;6,8,16
224;1,2,15
225;8
226;4,8
227;8
228;8,9,14
229;8,14,17,18
230;5
231;8
232;8,14
233;8
234;5,8
235;8,11,15
236;5
237;5
238;5,14
239;8
240;5
241;8
242;8,16
243;5,8,14
244;8
245;6,8
246;1,6
247;8,11
248;5,14
249;1,6,16
250;5,14
251;6,8
252;8,16
253;1,8,15,16
254;1,6,8,16
255;5,14
256;5,14
257;5,6,8,16
258;8
259;8
260;8
261;8,14
262;8,14
263;1,16,18
264;5,8
265;5
266;8
267;8
268;5,8
269;5
270;11,16
271;5
272;3,4
273;4,8,9,13
274;1,8,16
275;1,2,15
276;5,8,9
277;6,8
278;5,8,16
279;10,16
280;8
281;5,8
282;5,8
283;5
284;8
285;1,5,15
286;11,16
287;2,8,15
288;1,6,11
289;8
290;11,15
291;5
292;8
293;13,16
294;8,17
295;8
296;1,15,16
297;5,14
298;2,8,17
299;8
300;5
301;4
302;5
303;5,8
304;8,12
305;8,10,14
306;5
307;1,6,8,16
308;8,13,16
309;5,8,14
310;5,8
311;1,6,9,16
312;8
313;4,5,9
314;5,8,14,17
315;5,14
316;8
317;5,8,14
318;1,5
319;5,8,14
320;2,4,14
321;7
322;2,3,4,8,12
323;8
324;8,11,13,16
325;1,5,6,9
326;2,5,18
327;8
328;1,5
329;5,8
330;5,8,14
331;16
332;4,5
333;1,16
334;1,14,16
335;5,14
336;1,15,16
337;1,2,5,14,16
338;8,14
339;8,11,14,16
340;18
341;1,6,8
342;8
343;8
344;1,5
345;8
346;8,14,17
347;1,6,8
348;6,8
349;1,2,9
350;1,9
351;8
352;11,16
353;8
354;6,8
355;4,5,9
356;8
357;5
358;5
359;5,16
360;18
361;5,14
362;8
363;5
364;1,5,6,16
365;2,4,8
366;16
367;1,16
368;8
369;8,14
370;11,15,16
371;8,13,14,16
372;8
373;5
374;5,8
375;6,8
376;2,5,18
377;5
378;1,2,16
379;5,15
380;8,16
381;5
382;1,5,8
383;5,14
384;5
385;1,2,15
386;5,14
387;5
388;8,14
389;8
390;5
391;5,8
392;8,13,14
393;8
394;5,14
395;8,16
396;2,4,8
397;6,8,16
398;16
399;8,18
400;1,2,6,8,14,16
401;5
402;8,14
403;1,2,6,16
404;1,5,17
405;5
406;5,14
407;8,14
408;5
409;5
410;5,8
411;5,17
412;1,16
413;8
414;5,8
415;8,12
416;5,6,8
417;1,6,16
418;1,2,15,16
419;8,16
420;6,8,16
421;2,4
422;1,2,5,9
423;5
424;5,18
425;8,14
426;5
427;16
428;8
429;5,13
430;1,6,8
431;1,2,16
432;8
433;5,8,14,16
434;5,14
435;5,14
436;5,8
437;8
438;1,4,14
439;1,8,15
440;5
441;8,9,14
442;6,8,16
443;8
444;8,14
445;8
446;1,8
447;11,15
448;5,13,14
449;5
450;8,14
451;5,8
452;1,8,13
453;5
454;1,6,8,15,16
455;5
456;6,16
457;1,8
458;8
459;8
460;8
461;8,17
462;5,8
463;8
464;4,8
465;5,6,11
466;1,2,9,13
467;8,14
468;8
469;8
470;8
471;8
472;5,8,14
473;16
474;1,15,16
475;5,8,14
476;5,14,16
477;1,6
478;1,2,4,5,9,15
479;1,2,16
480;1,13,16
481;8,12
482;5,14
483;3,4,9,12
484;1,2,5,14
485;1,8,18
486;6,16
487;7
488;1,2,3,4,9
489;5,8
490;8,14
491;5
492;5,8
493;5,8
494;5,8
495;8
496;5,8
497;4,5
498;2,4,8
499;6,16
500;8
501;7
502;5,8
503;5
504;4,5
505;5,8,9,14,16
506;2,3,4,5,12
507;1,15
508;2,8,18
509;1,6,16
510;6,11,16
511;3,4,8,9,12
512;3,4,9,12,14
513;3,4,9,12
514;5,14
515;2,18
516;1,5,6
517;7
518;8,14
519;9,11
520;5,6,8,16
521;2,4
522;1,2,3,11,15
523;1,11,15
524;5
525;8,14
526;5,8
527;3,4
528;5,8
529;5,14
530;5
531;5
532;8,16
533;6,8,13,16
534;2,3,4,9,12,14
535;8,17
536;5
537;5
538;5,8
539;8
540;5
541;14
542;5,8
543;8,16
544;8
545;1,6,8,17
546;1,2,13,16
547;5,8
548;8
549;1,2,9
550;5
551;2,3,4,9,12
552;16
553;5
554;5,8,17
555;1
556;8
557;8
558;5,15
559;2,3,4,5,9,15
560;2,5,15
561;8,16
562;8
563;8,13,14,15,16
564;8
565;1,2,5,17
566;5,14
567;1,15,16
568;1,6,8
569;13,16
570;8,14
571;8
572;5
573;8
574;1,2
575;8
576;6,8,16
577;5,14
578;2,3,4,5,12
579;5
580;2,4
581;8,13,18
582;8,14
583;5,9,15
584;5
585;2,3,5
586;7
587;8,9,11,16
588;5
589;8
590;5
591;6,16
592;1,2,16
593;11
594;1,2,14,16
595;1,15
596;3,15
597;11,16
598;5
599;3,4,5
600;5
601;1,15,16
602;5,17
603;8
604;7
605;8,17
606;1,2
607;5,6
608;8,14
609;5,8
610;8
611;8
612;11,13
613;5,6,8
614;8,14
615;1,2,15,16
616;8
617;8,16
618;3,4,8,12,14
619;5,16
620;5
621;1,8,16
622;5,9,14,15
623;8
624;7
625;8
626;1,2,8,16
627;5,11,16
628;8,13,18
629;4,5
630;8,14
631;5,8,14
632;5,14
633;8,16
634;6,8
635;2,4
636;1,2
637;4,5,9
638;5
639;5
640;8
641;8,13
642;2,4
643;5,9,12
644;5
645;6,16
646;5
647;8
648;1,2,16
649;4,5,9
650;5,8,14
651;1,16
652;4,5
653;11
654;5,11
655;8
656;1,2,15,16
657;8
658;5,8,14
659;6,8
660;1,5,6,16
661;6,8,14,16
662;5,6
663;6,8,12,16
664;5
665;1,6,8
666;1,5,6,16
667;11,16
668;15,16
669;4,5
670;8,16
671;4,8,9
672;1,5,6
673;2,3,4,12
674;8,14
675;11,16
676;5,8,14
677;8
678;8
679;2,8,14,17
680;5,8,14
681;5,12,14
682;12,14
683;5,12
684;8,14
685;8,13,14,16
686;13,16
687;5,14
688;8,16
689;5,12,14
690;1,2,13,14,16
691;5,8,14
692;5,6
693;5,6,13,14,16
694;8,14
695;10,13
696;5,8,12,14
697;5,14
698;5,8,14
699;4,8
700;12
701;2,4,9,12
702;8,14,17
703;5
704;8,10,14
705;8,13
706;2,8,15
707;8
708;5
709;8,13,14,16
710;8,10,13,16
711;10,14,16
712;13,14,16
713;8,14
714;6,13,14,16
715;5
716;5,12
717;5,14
718;5,14
719;12
720;1,2,14
721;2
722;6,10,13
723;8,9,14
724;8
725;5,12,14
726;5,8,17
727;5,14
728;8,14,18
729;8
730;5,6
731;5,14
732;2,5
733;4,8,9,14
734;8
735;5,14
736;8,14
737;8
738;8
739;12
740;8,13,16
741;11,15,16
742;2,5,14,17
743;2,5,6,8,14
744;8
745;5,8
746;14,17
747;8,17
748;8
749;8
750;5,8
751;2,4
752;8,14
753;5,8
754;1,2,16
755;8
756;8
757;5,8
758;1,6,8,16
759;1,6
760;6,10
761;8,16
762;1,16
763;4,5
764;8
765;4,5,18
766;2,18
767;2,4,9
768;4,5
769;4,5,9,14
770;4,8
771;4,5,14
772;4,5,8
773;2,4,8
774;4,5
775;2,4
776;4,5,13
777;2,8,15
778;5
779;4,5
780;3,4,9,12,14
781;3,4,12
782;3,4,12
783;3,4,9,12
784;2,8
785;4,5,9,12
786;3,4,8,12
787;2,3,4,12
788;2,4,12
789;2,3,4,9,12
790;3,4,8
791;5,6,8,16
792;12,14
793;1,6,16
794;1,11,15,16
795;8
796;8
797;5,8
798;8,14
799;8,14
800;1,8,16
801;1,2
802;7,8
803;8
804;6,8,14
805;8
806;16
807;8
808;5,12,14
809;8,14
810;5,8
811;16
812;3,4,5,9,12,14
813;5,12,14
814;6,10
815;4,5,9,12
816;5,15
817;5,17
818;5,6
819;5
820;5,12,14
821;8
822;5,12
823;6,8
824;2,8
825;6,13,16
826;8,12,14
827;6,13,16
828;8,17
829;5
830;6,13,16
831;8
832;8,14,16
833;8
834;8
835;4,8,15
836;4,8,9
837;1,8,14
838;1,14
839;8
840;8
841;11
842;5
843;7
844;1,5,8
845;6,8
846;8
847;8
848;8
849;5,8
850;8
851;7
852;8
853;5,6
854;5,9
855;1,2,15,16
856;11
857;1,2,15,16
858;11,13
859;8,13
860;8
861;5
862;2,5,9
863;14
864;8
865;7
866;7
867;3,4,5,6
868;8
869;3,5,8,9
870;8
871;8,17
872;5,8
873;8
874;5
875;1
876;5
877;8
878;5,8
879;5,8,14
880;8,9,14
881;8,14
882;8,17
883;6,8,10
884;5
885;8,14,17
886;5,8
887;8
888;8
889;8
890;5,14
891;7
892;6,8,14
893;7,12
894;7
895;8
896;5
897;1,2,15
898;1,2,5,9,14
899;1,2
900;9,15
901;1,2,11,15
902;1,2,18
903;5
904;8
905;2,8,17
906;6,8,15,16
907;8
908;1,8,17
909;1,8,18
910;1,2,15
911;8,9,14
912;10,13,16
913;6,8
914;11,15
915;1,2,5,9,11
916;2,8,14
917;8,17
918;1,6,8,16
919;6,11
920;1,5,12
921;6,8
922;8,17
923;2,3,4,5,15
924;1,8,14,17
925;8
926;8,14
927;6,8
928;8
929;5,14
930;8
931;8,13,15
932;1,8,17
933;5,6
934;5,8,14
935;5,8,14
936;8
937;5
938;1,15,16
939;5,9,11
940;8,17
941;5,8
942;5,8,14
943;6,8,10,16
944;8
945;5,8,14
946;6,10,16
947;1,6,14,16
948;2,8,17
949;8,9
950;6,10,13,16
951;8,15,16
952;1,2,8,18
953;5,11,15
954;5,12,17
955;5,14
956;11
957;2,8
958;6,10,16
959;1,5,9,11
960;1,2,8,17
961;8,17
962;1,8,13,14,16
963;5,9,14
964;8,18
965;6,16,17
966;5,8
967;5,13,16
968;2,5,15
969;5,6,8
970;8,17
971;5,8,10
972;1,2,3,15
973;1,2,9
974;8
975;5,8,14
976;5,9
977;5,8
978;8
979;5,8,17
980;3,4,9,12
981;8,18
982;6,10,13
983;5
984;8,14
985;1,2,8
986;5
987;7
988;8,14
989;1,2
990;5,8
991;8
992;8
993;8,14
994;5
995;8,12
996;8,17
997;5,8
998;8,15
999;4,8,9
1000;2,8
1001;1,18
1002;8,14
1003;2,8,15
1004;5,14
1005;7
1006;8
1007;5,8
1008;1,11,15,16
1009;5,11,16
1010;11
1011;11
1012;11
1013;11
1014;11
1015;8,11,13,16
1016;11
1017;11
1018;11
1019;11
1020;11,16
1021;11,16
1022;11,15
1023;11,13
1024;11,16
1025;8,11,16
1026;9,11,14,16
1027;8,11,15
1028;11
1029;11,16
1030;16
1031;6,8,16
1032;8,9,11,16
1033;8,9,11
1034;11,16
1035;11
1036;11
1037;11,13,16
1038;6,8,16
1039;6,16
1040;5,8,14
1041;8,13
1042;11,16
1043;1,2,15,16
1044;8,14
1045;8
1046;4,5
1047;7
1048;8
1049;8
1050;8
1051;2,4,5
1052;1,2,16
1053;2,15
1054;1,13,15
1055;1,15
1056;1,2,15,16
1057;1,2,15
1058;2,5,15
1059;1,6
1060;1,5,18
1061;1,18
1062;5,12,14
1063;5,12,14
1064;1,8
1065;1,8,16
1066;1,11
1067;11,16
1068;1,11
1069;5
1070;1,5,15
1071;5,8
1072;8,14
1073;5
1074;5,8
1075;1,5,6,8,15
1076;8
1077;14,17
1078;8
1079;8
1080;2,3,5,6
1081;6,8,13,16
1082;5,11,13,16
1083;1,14,17,18
1084;5,8,9,14
1085;6,8,14
1086;8
1087;8
1088;5
1089;6,8,14
1090;8,12
1091;8
1092;2,8
1093;6,8,13,16
1094;8
1095;5
1096;4
1097;1,16
1098;8
1099;1,2,5,16
1100;5,16
1101;1,5
1102;1,5,6,8,16
1103;8
1104;1,16
1105;5
1106;5
1107;5,14
1108;8
1109;5,17
1110;5,8
1111;6
1112;5
1113;5,14
1114;5,8
1115;5
1116;5,8,14
1117;8,9,14
1118;13,16
1119;4,5,13
1120;5
1121;6,8,9,10,13,14
1122;1,8
1123;6,8
1124;5,14
1125;1,5,6,8
1126;4,5
1127;14
1128;5,8
1129;14
1130;1,14,15,16
1131;8,16
1132;8,16
1133;5,8,13,14
1134;5
1135;8,12
1136;1,8,16
1137;3,4,12
1138;5
1139;14
1140;1,2,4
1141;8,14
1142;1
1143;8,14
1144;1,2,16
1145;5,6,14
1146;8,14
1147;5
1148;8,17
1149;5
1150;14
1151;1,8,16
1152;5
1153;1,2,5
1154;1,16
1155;8
1156;5
1157;1,2,5,15
1158;5,8
1159;8
1160;5,8,14
1161;5,14
1162;5,8,14
1163;1,2,15,16
1164;8
1165;5
1166;4,8
1167;8,14
1168;5,14
1169;2,4,8
1170;1,2,16
1171;8,14
1172;1,14,16
1173;1,2,9,16
1174;5,8,14
1175;5,16
1176;2,3,4,5,12
1177;5,14
1178;5,14
1179;8
1180;1,6,8,16
1181;14
1182;1,5,15
1183;5
1184;2,4
1185;4,9
1186;8,15
1187;5
1188;1,8
1189;1,2,9
1190;4,5
1191;1,6,8,16
1192;11,15,16
1193;1,2,15,16
1194;4,5
1195;5,14
1196;5,8
1197;8
1198;8,13,14,16
1199;6,8,16
1200;1
1201;8,14
1202;6,8,10
1203;5
1204;11,15,16
1205;1,5
1206;2,14
1207;1,2
1208;1,16
1209;8,16
1210;1,2,16
1211;8,14
1212;5
1213;8
1214;5
1215;2,8
1216;1,16,17
1217;6,10,13,16
1218;2,8,17
1219;6,8,13,16
1220;8
1221;11
1222;8
1223;8,13,16
1224;1,8,16
1225;6,8,13
1226;5,14
1227;1,16
1228;8
1229;8
1230;5,8,14
1231;5,8
1232;5,8
1233;8,14
1234;11,13,16
1235;8,13,16
1236;4,5,14,15
1237;6,8,16
1238;5,8
1239;7
1240;8
1241;7
1242;8,15,16
1243;4,8,9
1244;8,11,16
1245;8,14
1246;14,16
1247;8
1248;8
1249;6,13,16
1250;6
1251;5,17
1252;5
1253;1,8
1254;8,17
1255;6,8,16
1256;8
1257;8
1258;8,14,16
1259;6,16
1260;1,15
1261;5,8
1262;8,14
1263;5
1264;8,14
1265;1,2,9
1266;5,8,15
1267;8,14
1268;8,14
1269;8,14
1270;6,16
1271;1,16
1272;2,3,4,8,12
1273;5,6,16
1274;1,11,15
1275;8,13
1276;8
1277;8
1278;8,17
1279;5,8
1280;5,8
1281;4,5,9
1282;5
1283;8,14
1284;4,5
1285;6,8,13
1286;4,5
1287;5,11,13,16
1288;16
1289;8
1290;8,14
1291;1,2,16
1292;1,2,8,15
1293;8,14
1294;6,8,16
1295;8
1296;5
1297;5,6
1298;8,14
1299;5,8
1300;8,14
1301;1,4,5
1302;5
1303;5
1304;2,10,15,16
1305;1,6,16
1306;5
1307;6,8,9,16
1308;5,14
1309;8,14
1310;8
1311;5
1312;1,11,15
1313;8,14
1314;1,6,16
1315;6,14,16
1316;11
1317;1,5,12
1318;5,14
1319;15,16
1320;6,8,13,14,16
1321;5,8,14
1322;6,16
1323;6,8,16
1324;1,6,16
1325;5
1326;5,8
1327;7
1328;16
1329;5,6,8,13,16
1330;1,2,8
1331;6,8
1332;6,8,13,16
1333;2,4,5
1334;8
1335;6,8
1336;5,8
1337;4,5,8
1338;5,8
1339;5,14
1340;5,16
1341;5,8
1342;2,4
1343;5,7
1344;8,14
1345;1,2,15
1346;1,8,16
1347;6,8,13,16
1348;8,9,14
1349;5,8
1350;5
1351;5
1352;8
1353;8,16
1354;8,14
1355;5,13,16
1356;2,4,5,9
1357;5
1358;7
1359;5
1360;1,5
1361;8
1362;8
1363;11,15
1364;5
1365;1,5,6
1366;1,2
1367;5,8
1368;6,8,14,17
1369;5
1370;8,15,16
1371;2,3,4,9,12
1372;1,15,16
1373;5,8,14
1374;2,5,8
1375;5,8,14
1376;2,5,18
1377;5,8,14
1378;8,13,16
1379;11,16
1380;16
1381;8
1382;2,5,14
1383;5,8,14
1384;8,14
1385;5,8
1386;8,14
1387;5,8
1388;5,14
1389;2,3,4,5,8,12,14
1390;1,6,13,15,16
1391;5,6,8
1392;5
1393;5,6,8,14,16
1394;8,13
1395;5,8
1396;8,14
1397;1,14,15,16
1398;1,5,6,16
1399;4,5
1400;3,4,9,17
1401;8,15,16
1402;8
1403;5,14
1404;11,15
1405;12
1406;1,8,17
1407;8,18
1408;8,14
1409;2,8
1410;8,12
1411;8
1412;5,14
1413;8,17
1414;5,8,12
1415;8
1416;8,17
1417;8
1418;8
1419;8
1420;8,14,17
1421;6,8
1422;8,14
1423;8,12,14
1424;2,5,14
1425;8
1426;8,13
1427;8,12
1428;8
1429;1,6,16
1430;8
1431;8
1432;8
1433;8
1434;5,8
1435;8,14
1436;8
1437;8
1438;8
1439;5,6
1440;8,13
1441;5,15
1442;5
1443;2,9,12
1444;5,8
1445;11
1446;11,16
1447;11,16
1448;11
1449;11
1450;11,13,16
1451;11
1452;11
1453;11
1454;11
1455;11
1456;11
1457;11
1458;11
1459;11
1460;11
1461;11
1462;11
1463;11
1464;11
1465;11,16
1466;11,16
1467;5,11,16
1468;11,16
1469;11,16
1470;11,16
1471;11,13
1472;11
1473;11
1474;1,5,6,8
1475;1,5,6,8
1476;1,5,6,8
1477;5,11
1478;5,11
1479;1,2,4,5,9
1480;1,5,14
1481;5
1482;6,8,10
1483;8,13,15,16
1484;8,15
1485;2,5,15
1486;2,5,15,18
1487;1,2,8
1488;4,5,9
1489;4,5,9
1490;4,5,18
1491;4,9,12
1492;3,4,8
1493;1,2,8
1494;8,14
1495;2,15
1496;8
1497;6,8,13,16
1498;8,13
1499;8,14
1500;11,16
1501;5,6
1502;1,8,17
1503;4,5
1504;2,3,4,9
1505;4,15
1506;4,5
1507;4,5
1508;2,4,5
1509;4,5,15
1510;4,5
1511;1,2,4,5
1512;4,5
1513;2,4,9
1514;5,9
1515;2,4,15
1516;1,3,4,6
1517;2,4,5
1518;2,4,5
1519;4,5,9,11
1520;4,5,15
1521;2,4,5,9,15
1522;1,5,18
1523;2,4
1524;2,4
1525;1,6,8,13,16
1526;4,5,14
1527;5
1528;7
1529;5,8,9,14
1530;10
1531;8,14,17
1532;8,9,13
1533;8
1534;8,14,18
1535;8
1536;5
1537;5
1538;6,8,14
1539;8,17
1540;8,13,16
1541;2,4
1542;3,4,5,12
1543;3,4,5,14
1544;3,4,5,12,14
1545;4,5
1546;4,5,12
1547;4,12
1548;2,3,4
1549;3,4,9,12
1550;2,5,12
1551;2,3,4
1552;2,3,4,6,8
1553;4,15
1554;2,3,4,9,12,14
1555;2,4,9
1556;1,2,15
1557;4,5
1558;3,4,12
1559;4,8,9,13,16
1560;4,5
1561;2,3,4,12
1562;5,9,14
1563;3,4,5,12
1564;2,4,9,18
1565;8
1566;1,2,15
1567;8,17
1568;11,16
1569;5,14
1570;5
1571;5,6,16
1572;5
1573;6,8
1574;8
1575;1,2,9
1576;2,3,4,9
1577;8,15
1578;16
1579;11
1580;8,11
1581;11,16
1582;11,16
1583;3,4,5,8,9
1584;4,5,9
1585;5,8,14
1586;1,6,13,16
1587;6,8,14
1588;8
1589;8
1590;2,5
1591;5,9,15
1592;2,4,12
1593;5,15
1594;3,4
1595;2,3,4,8,9
1596;2,3,4,8
1597;2,9
1598;2,3,4,5
1599;2,3,4,12,18
1600;2,9,14
1601;5,14
1602;5,8,14
1603;8,14
1604;2,8,9
1605;5,9,11
1606;5,9,11
1607;2,5
1608;5
1609;4,5
1610;1,2
1611;8,14
1612;5,8
1613;5,8,14
1614;6,11,16
1615;8,11,16
1616;2,4,9
1617;2,4,9
1618;5,11
1619;1,5,8,11
1620;5,8
1621;6,8,14,16
1622;1,11,16
1623;5
1624;1,5
1625;5,8,14
1626;5,8
1627;5,9
1628;8,14
1629;6,8,16
1630;5,16
1631;16
1632;16
1633;16
1634;8,13,14,16
1635;8,10,16
1636;2,8,13,16
1637;5,13
1638;16
1639;6,8,10,16
1640;13,14,16
1641;8
1642;8
1643;1,2,9
1644;1,6,8
1645;5
1646;1
1647;8
1648;8,17
1649;6,8,16
1650;13,16
1651;5,14
1652;10,13,16
1653;8
1654;8,13,16
1655;16
1656;16
1657;8,16
1658;8
1659;6,8,16
1660;8
1661;11,13,15,16
1662;8
1663;5,8
1664;8
1665;5
1666;5,8,14
1667;5,14
1668;5,8,14
1669;5
1670;5,8,14
1671;5
1672;5,8
1673;5,9
1674;5
1675;11,15
1676;5,14
1677;5,14
1678;6,8
1679;5
1680;5,8,14
1681;8,9,16
1682;5,6
1683;2,5
1684;5,14
1685;13,16
1686;6,8,16
1687;8,14
1688;8
1689;8
1690;1,5,6,16
1691;1,2,15
1692;1,6,16
1693;11,16
1694;6
1695;1,6,8
1696;5,8
1697;8
1698;5
1699;11,15,16
1700;1,11,15,16
1701;5,6,8
1702;5,8
1703;8,9,14
1704;5,14
1705;2,3,4,5,9
1706;5
1707;5
1708;2,8,9,14
1709;16
1710;5
1711;5,12
1712;5
1713;8,12
1714;8
1715;5
1716;1,6
1717;8
1718;15
1719;8
1720;8
1721;8
1722;5,11,16
1723;8,9,13,14
1724;5,8
1725;8,16
1726;5,8,9
1727;1,15,17
1728;7
1729;5,8,14,17
1730;5
1731;9,11,16
1732;11,18
1733;6,8
1734;5,7
1735;5,8,14
1736;6,8
1737;8
1738;1,16
1739;5
1740;8
1741;8
1742;11,13,16
1743;5,14
1744;14
1745;5,8
1746;1,2,8,16
1747;13,15,16
1748;8
1749;8
1750;5,16
1751;5
1752;8
1753;5,8
1754;1,16
1755;3,4,5
1756;2,3,4,5
1757;5
1758;8
1759;8,17
1760;5
1761;8
1762;5
1763;8
1764;8,11,15
1765;1,11,15,16
1766;1,15
1767;1,2,9,11
1768;2,9,14,15,16
1769;2,15
1770;5,8,14
1771;1,2,8
1772;5,6,13
1773;5
1774;1,2,9
1775;5,8
1776;5
1777;1,2,16
1778;11,15
1779;5,6
1780;5,6
1781;5,6
1782;5,6
1783;5,6
1784;5,6
1785;2,4,8
1786;5,14
1787;5,6
1788;8,14
1789;6,11,16
1790;5
1791;6,8,16
1792;4,5,8
1793;1,8,14,15
1794;3,12
1795;5,8
1796;5,8,14
1797;5,8
1798;2,4,9
1799;4,8,9
1800;18
1801;1,2,16
1802;1,2,8,16
1803;1,2,16,17
1804;1,2,5,14
1805;1,2,5,14
1806;5,15
1807;5,15
1808;1,8
1809;1,8
1810;1,8
1811;1,8
1812;5,6,13,16
1813;1,2,4,9,13,16
1814;8,14
1815;5
1816;5,8
1817;5
1818;8,16
1819;8
1820;1,2,8
1821;1,2,4,8
1822;5
1823;5,14
1824;6
1825;1,8,17
1826;11,15
1827;1,2,8,9,16
1828;2,4,8
1829;5,8
1830;8
1831;8
1832;8
1833;5,8,17
1834;8
1835;8
1836;8,14
1837;8
1838;11,16
1839;5,8
1840;11,15
1841;2,5,15
1842;11
1843;8,9
1844;11,13,15
1845;8,11,15,16
1846;11,15
1847;1,5
1848;5,6
1849;11
1850;11
1851;11
1852;5
1853;11
1854;6,8,13,16
1855;1,5,14,16
1856;5,8
1857;2,5
1858;1,2,5
1859;5
1860;5
1861;8
1862;1,13,16
1863;1,17
1864;2
1865;5,18
1866;8,14
1867;5,14
1868;2,5,16
1869;5,14
1870;8,11,16
1871;1,16
1872;5,14
1873;5,14
1874;8
1875;7
1876;3,15
1877;5,14
1878;14
1879;5,15
1880;5
1881;8
1882;5,6
1883;8
1884;5,8
1885;8,13,16
1886;5,8,14
1887;6,10
1888;8
1889;11
1890;5,11
1891;11
1892;11
1893;11
1894;5
1895;8
1896;1,8,16
1897;8
1898;8,16
1899;1,2,8,16
1900;1,11,15
1901;15
1902;1,15,16,18
1903;1,2,15
1904;1,8,15
1905;1,15
1906;1,15
1907;1,15
1908;1,15
1909;1
1910;1,8,16
1911;2
1912;7
1913;5
1914;1,6,8,16
1915;8
1916;5,6,16
1917;8,14
1918;8
1919;11
1920;1,15
1921;11,16
1922;8,11,16
1923;5
1924;11,15,16
1925;11,15,16
1926;5
1927;8,16
1928;5,14
1929;3,4
1930;11,16
1931;6,16
1932;8
1933;8,12,14
1934;3,4
1935;5
1936;1,6
1937;8,14
1938;1,15,16
1939;5,14
1940;8,12
1941;5
1942;8
1943;5,8
1944;6,13,16
1945;5,6
1946;5,14
1947;1,5
1948;5,8
1949;8,14
1950;5,6,16
1951;5,6,8
1952;5,8,14
1953;8
1954;5
1955;8,14,15,16
1956;5,8
1957;5,14
1958;5
1959;5
1960;1,15,16
1961;6,16
1962;5,11
1963;8,14
1964;8
1965;8
1966;8,10
1967;5,11,15
1968;1,11,15
1969;2,15
1970;1,6
1971;1,2,5,9,11,16
1972;5
1973;8,14
1974;5,9
1975;5
1976;8,9
1977;1,2,6,15,16
1978;1,2,15
1979;5,14
1980;8
1981;2,8,13
1982;11,14
1983;11
1984;8
1985;1,2,15
1986;1,15
1987;1,2,15
1988;1,2,15
1989;11
1990;8,11,15
1991;11
1992;11
1993;8,9,11
1994;11
1995;11,15
1996;5,11,12,15
1997;5,7
1998;11,15
1999;15
2000;1,8,15
2001;11,15,16
2002;15
2003;11,15
2004;17
2005;17
2006;5,14
2007;8,15,16
2008;8,9
2009;8,16
2010;7,12
2011;5,14,15
2012;8
2013;1,2,5
2014;8,13
2015;2,3,4,8
2016;6,8,13,16
2017;5,14
2018;8
2019;1,6
2020;7
2021;5
2022;8
2023;5
2024;5,8,14
2025;15
2026;5,11
2027;3,5,12
2028;1,5,15,18
2029;8
2030;5,14
2031;16
2032;14
2033;4,5
2034;8,11,16
2035;8,13,16
2036;11,16
2037;1,5,15
2038;5,9,15
2039;5
2040;11,16
2041;1,2,4,5
2042;1,11,15,16
2043;1,5,9
2044;5,14
2045;8
2046;6,10
2047;6,10
2048;1,8,14,17
2049;8,14
2050;8,14,17
2051;6,8
2052;8,14
2053;2,5,14
2054;2,8,16
2055;1,2,5,9,13
2056;5
2057;1,8,16
2058;5,8
2059;8
2060;11,15
2061;1,6,16
2062;5,8
2063;8
2064;8
2065;8
2066;5,11,12
2067;5,11
2068;1,2,5
2069;8,13
2070;5,8
2071;5,8
2072;5,13
2073;11
2074;8
2075;5
2076;2,3,4,8,15
2077;8,11,13
2078;1,13
2079;6,8,14,16
2080;5,8
2081;5,8
2082;6,8
2083;5
2084;8
2085;5
2086;5,14
2087;8
2088;5
2089;11
2090;11
2091;5
2092;11
2093;5
2094;11
2095;11,16
2096;5
2097;5
2098;5,11,14,16
2099;2,5,14
2100;5
2101;5
2102;5,8,9,14
2103;4,5
2104;5
2105;2,3,4,8,9
2106;8,14
2107;1,8,14,16
2108;6,8,13,14,16
2109;4,5
2110;5,14
2111;5,16
2112;1,15
2113;1,15
2114;3,11,13,16
2115;1,16
2116;7
2117;1,17
2118;1,17
2119;1
2120;1,17
2121;8,13,14,16
2122;8
2123;2,14
2124;7,8
2125;1,2,9
2126;11,15,16
2127;4,5
2128;5
2129;1,2,5,16
2130;5
2131;5,14
2132;8
2133;8,16
2134;11,13,16
2135;5,14
2136;8,13
2137;2,4,5,8
2138;2,8,14
2139;8
2140;2,15,16
2141;8
2142;16
2143;2,3,5,9,12
2144;8,14
2145;7,12
2146;5
2147;5,8
2148;8
2149;2,5,12
2150;5
2151;8
2152;5,11,16
2153;11
2154;5
2155;2,8,16
2156;2,9
2157;5,12,14
2158;8,13,14
2159;3,4,9
2160;12
2161;11
2162;1,2,5
2163;1,2,5
2164;1,6,8,16
2165;8
2166;5,8
2167;5,14
2168;8,14
2169;4,5
2170;1,5
2171;5,14
2172;5,8
2173;1,2,5,8,17
2174;5
2175;1,8
2176;1,2,8
2177;8,14
2178;18
2179;5,17
2180;11,13
2181;2,3,4
2182;11,15
2183;11,15
2184;11,13,16
2185;11,16
2186;1,2,8
2187;8,14
2188;5
2189;8
2190;6,8,16
2191;5
2192;1,2,15,16
2193;6,16
2194;5
2195;8,14,17
2196;18
2197;6,8,18
2198;1,5
2199;8
2200;5,8
2201;8,14
2202;8
2203;8,14
2204;7
2205;5,6,8,9
2206;8
2207;5,14
2208;2,5,14
2209;5
2210;8,10,13,14
2211;12,14,17
2212;8,14
2213;8,14
2214;1,8,17
2215;5,12
2216;1,2,16
2217;1,2,16
2218;1,2,16
2219;2,8,14
2220;1,18
2221;6,8,16
2222;4,5
2223;1,6,16
2224;1,6,8,16
2225;5,8
2226;5,14
2227;8
2228;1
2229;2,8
2230;8,16
2231;2,5,9,15
2232;8,14
2233;2,8
2234;8,9,12
2235;8,17
2236;5,6,8
2237;11,16
2238;5,8
2239;8
2240;5,8
2241;5,14
2242;8
2243;11,16
2244;16
2245;7
2246;1,6,8,15,16
2247;1,6,15,16
2248;2,3,4,5,6,9,13
2249;8
2250;1,2,16
2251;1,2,16
2252;1,2,16
2253;11,16
2254;1,2,16
2255;11,16
2256;8
2257;5,8,9
2258;1,2,3,8,9
2259;7
2260;5,8,14,17
2261;5,14
2262;16
2263;8,16
2264;7
2265;8,15
2266;8
2267;8
2268;5,11
2269;5
2270;16
2271;11
2272;11
2273;5,11,15
2274;6,8
2275;1,8
2276;11
2277;5,17
2278;11,15
2279;5
2280;1,8
2281;1,2
2282;5
2283;1,8,15,16
2284;5,15
2285;2,3,4,5,12
2286;5,8,17
2287;2,8
2288;18
2289;8
2290;5
2291;5
2292;5
2293;5
2294;5
2295;13,14,16
2296;5,8
2297;5,14
2298;5
2299;5,8
2300;2,5,9
2301;8,17
2302;2,3,4,9,15
2303;16
2304;6,8,16
2305;5
2306;5,8,12
2307;5,12
2308;1,8,17
2309;8,16
2310;8,16
2311;1,8,17
2312;5,8
2313;8,13
2314;2,5,15
2315;5,8
2316;5,14
2317;8,14
2318;18
2319;8,11
2320;5
2321;7
2322;8
2323;5,8,14
2324;9,11,13,14
2325;1,2,16
2326;8
2327;4,5,9,12
2328;5,9,14
2329;5,9
2330;8
2331;8
2332;8,17
2333;8,18
2334;8,14
2335;8
2336;5
2337;5,8,14
2338;8
2339;5,8,14
2340;8
2341;8,16
2342;6,14,16
2343;8,14
2344;1,5,6,16
2345;8,13
2346;8,14
2347;1,8
2348;5,8,9,14
2349;8
2350;8
2351;8
2352;1,9,11,13,16
2353;2,3,4,5,9
2354;8
2355;8,14,17
2356;5
2357;8
2358;5,8
2359;5,8
2360;5,6,8
2361;5,8
2362;8,17
2363;8
2364;8
2365;8
2366;7,12
2367;8,17
2368;8
2369;5
2370;6,8
2371;8
2372;8,16
2373;8
2374;1,2,9
2375;8,14
2376;8,14,15
2377;4,5,9
2378;8
2379;3,4,12
2380;8
2381;8,14
2382;5,8
2383;5,8,12
2384;1,8
2385;5,8
2386;2,8
2387;6,8,16
2388;8
2389;8
2390;5,8
2391;2,5,15
2392;8,13,16
2393;5
2394;8
2395;8
2396;8
2397;7
2398;8
2399;8
2400;8
2401;4,8
2402;2,15,16
2403;8
2404;8,14
2405;8,17
2406;1,6,14,16
2407;6,8
2408;5,8
2409;8
2410;16
2411;1,13,16
2412;14
2413;1,5
2414;5,8,14
2415;8
2416;3,4
2417;8
2418;8
2419;13,16
2420;8
2421;8
2422;8
2423;5,14
2424;16
2425;5
2426;16
2427;5
2428;5
2429;5
2430;5,14
2431;8
2432;5,6
2433;5
2434;8,16
2435;8
2436;8,13
2437;8
2438;5
2439;5
2440;5,8
2441;1,6,8,16
2442;8,14,16
2443;5,9
2444;2,8,14
2445;8
2446;5,8,14
2447;6,8,13,16
2448;5,8
2449;1,5,11
2450;1,6,8,16
2451;5,6,8,16
2452;1,6,16,18
2453;1,5
2454;8,14,15
2455;5,8,14
2456;8
2457;6,8
2458;5,11,13,16
2459;8,16
2460;1,6,8,16
2461;5
2462;11
2463;7
2464;1
2465;5,13,14
2466;2,8
2467;5
2468;3,4
2469;8
2470;11
2471;8
2472;8
2473;6,8,16
2474;5,8
2475;11,15,16
2476;5,6
2477;5
2478;7
2479;5
2480;5,8,14
2481;5,8
2482;5,8
2483;5
2484;12
2485;1,16
2486;5,8
2487;5,6
2488;5
2489;5,8
2490;5,15
2491;7
2492;6,8
2493;8,14
2494;8,14
2495;8
2496;6,8,10,16
2497;5
2498;8,17
2499;11
2500;2,4
2501;2,8
2502;8
2503;5,14
2504;15
2505;9,11,13,16
2506;8,14
2507;5,8,9,14
2508;5,8
2509;8,14
2510;5,8,14
2511;6,8
2512;5,8
2513;6,10
2514;8,18
2515;14,18
2516;8,16
2517;1,17
2518;8
2519;8
2520;8
2521;1,6
2522;5
2523;8,13,16
2524;5,13
2525;4,5
2526;1,2
2527;2,6,8,14
2528;5
2529;5
2530;5,9,14
2531;5,14
2532;5
2533;2,4,5,12
2534;4,5
2535;4,5,12
2536;2,3,4,9
2537;2,15
2538;5,8,14
2539;8,16
2540;1,8
2541;1,8
2542;1,2,8,17
2543;8
2544;8,16
2545;5,8
2546;2,4,8
2547;8,14,17
2548;8
2549;2,5
2550;2,6,8
2551;8,16
2552;5
2553;5,14
2554;8
2555;8
2556;8,12
2557;8,14
2558;8
2559;3,5
2560;1,6,8
2561;1,8
2562;1,8
2563;1,8
2564;1,8
2565;6,8,10
2566;8,14
2567;1,4,5,9,15
2568;1,4,9
2569;1,2,4,5,9
2570;1,8,17
2571;1,6,8
2572;1
2573;13,16
2574;5,8
2575;8
2576;5,8,17
2577;8
2578;5
2579;8
2580;1,6,14,16
2581;8,14
2582;5,14
2583;8,16
2584;8,11
2585;2,8,16
2586;5,8,14
2587;5,9
2588;8,18
2589;8
2590;8
2591;2,8
2592;2,8,15
2593;5
2594;15,16
2595;8,14
2596;11,13
2597;5,8
2598;8
2599;2,9,14
2600;8,14
2601;5,8,14
2602;3,4
2603;16
2604;2,5,9
2605;2,5,14
2606;2,8,18
2607;8
2608;5
2609;8
2610;8,11,16
2611;5,8
2612;5,14
2613;8
2614;8,13,15
2615;5,8
2616;8,13,16
2617;5,8
2618;5
2619;1,2,8,16,18
2620;8,16
2621;5
2622;8,14
2623;8,16
2624;8
2625;5,14
2626;5,9,14
2627;1,8,17
2628;5,8
2629;5,14
2630;5
2631;5,8
2632;1,15,16
2633;8,14
2634;6,16
2635;5,8,14
2636;8
2637;6,11,13,16
2638;5,8,14
2639;5,8
2640;5
2641;7
2642;5,8
2643;5
2644;8,12
2645;8,11,16
2646;5,8
2647;5,12,14
2648;11
2649;6,8,16
2650;5
2651;8,16
2652;8,14
2653;1,16,17
2654;8,14
2655;13,16
2656;5,8,14
2657;1,11
2658;4,5
2659;5,8
2660;5,8
2661;5,8,14
2662;5,14
2663;5,8
2664;5,8
2665;11,15
2666;11,15
2667;11,15
2668;1,11,15
2669;8,14
2670;1,2,8
2671;8
2672;5
2673;1,8,14,16
2674;8,14
2675;11
2676;5,8
2677;5,8
2678;3,15
2679;1,15
2680;8,12
2681;5
2682;5
2683;6,8,14,16
2684;5,12
2685;12
2686;5,12,14
2687;2,5
2688;7
2689;5,14
2690;2,3,4
2691;5,14
2692;5
2693;5,6
2694;5
2695;5
2696;1,2,16
2697;1,2,5,18
2698;7
2699;5
2700;11,16
2701;1,8,14,17
2702;2,5,14
2703;5,6
2704;1,2,14,16
2705;16
2706;1,2,16
2707;8
2708;1,2,15,16
2709;1,2,16
2710;5,8
2711;8
2712;1,8,17
2713;5
2714;11,15
2715;8
2716;11
2717;7
2718;1,2,8,17
2719;8
2720;11,15
2721;11,15,16
2722;11,15,16
2723;11,15,16
2724;11,15,16
2725;11,15,16
2726;1,5,6
2727;8,14
2728;5
2729;5,18
2730;2,4
2731;2,4
2732;2,4,5,8
2733;5,12,14
2734;8,11
2735;7
2736;8
2737;7,12
2738;7
2739;1,8,16,18
2740;1,6,8,16
2741;6,8,10
2742;8,14
2743;5,8,14
2744;11,15,16
2745;2,3,9,15
2746;5
2747;5
2748;5
2749;5
2750;5,11
2751;5,11
2752;5,11
2753;5,11
2754;5,11,15,16
2755;1,15,16
2756;1,15
2757;2,8,14,15
2758;8,15
2759;6,8,15,16
2760;1,2,15
2761;1,2,15,16
2762;1,2,15
2763;1,5,14
2764;10,11,13,16
2765;8,14
2766;11,16
2767;11
2768;1,5,6,16
2769;8
2770;5
2771;8
2772;8
2773;5,6
2774;1,5,6,8
2775;1,6
2776;5,14
2777;8
2778;8
2779;8,17
2780;3,12
2781;1,16
2782;11,18
2783;6,8,10,16
2784;1,6,8,16
2785;8,13
2786;8,16
2787;11
2788;8
2789;6,8
2790;8
2791;8,18
2792;8
2793;5,14
2794;1,2,5,9
2795;6,8,16
2796;8,17
2797;5,14
2798;1,6,16
2799;1,2,3,4,15
2800;8
2801;8
2802;3,4,5
2803;2,5
2804;1,8,17
2805;2,3,4,5,9
2806;8,16
2807;8
2808;8,15,16
2809;5
2810;1,6,8,16
2811;1,6,16
2812;1,6,16
2813;6,8,14
2814;1,17
2815;1,17
2816;1,17
2817;1
2818;11,15,16
2819;1,2,9
2820;5
2821;5,8,14
2822;6,8
2823;5,9
2824;5,11
2825;5
2826;5
2827;8,13
2828;8
2829;8
2830;8
2831;8,14,18
2832;1,2,15
2833;5,8
2834;8
2835;16
2836;8,11,13
2837;3,4
2838;8,13
2839;1,15
2840;18
2841;2,9
2842;8,17
2843;5
2844;8,16
2845;8,17
2846;5
2847;8
2848;5
2849;8
2850;5
2851;5
2852;8,14
2853;8
2854;8,14
2855;5,8,14
2856;11,15,16
2857;1,2,5,15
2858;5,11,16
2859;5
2860;11
2861;11,15
2862;2,8,14
2863;16
2864;1,5,17
2865;1,9,11,15,16
2866;11
2867;11
2868;11
2869;1,5
2870;11
2871;8
2872;8
2873;5
2874;11
2875;11,13,16
2876;5
2877;5
2878;8,14
2879;16
2880;5
2881;7
2882;5
2883;5
2884;8,11,16
2885;1,2,15
2886;5,7
2887;1,5,6,14
2888;5
2889;8
2890;8,18
2891;8
2892;5,18
2893;1,2,9
2894;1,16
2895;5
2896;5
2897;8,14
2898;1,2,9
2899;5,6,8,14,16
2900;8
2901;6,16
2902;6,16
2903;8
2904;1,5
2905;6,8,16
2906;5,8
2907;5,8
2908;6,16
2909;11
2910;5,14
2911;8,12
2912;5
2913;5,8
2914;8
2915;8
2916;8
2917;11
2918;11
2919;11
2920;8,9,13,14
2921;5
2922;5,8
2923;2,15
2924;2,15
2925;5,11
2926;5
2927;2,11,15
2928;11,15
2929;11,15
2930;15,16
2931;11
2932;11
2933;11
2934;11
2935;11
2936;5
2937;2,3,4
2938;1,8,16
2939;1,6,8,16
2940;5
2941;8
2942;8
2943;8
2944;8,16
2945;5,14
2946;5
2947;1,8
2948;8
2949;1,2,15
2950;5,11
2951;12
2952;3,4
2953;8,10
2954;6,10
2955;8
2956;5
2957;8
2958;5,13
2959;1,5
2960;6,11,13,16
2961;2,4
2962;1,5
2963;8,14
2964;5
2965;8
2966;1,15,16
2967;8,14
2968;1,2,16
2969;8,17
2970;1,15,16
2971;8,14
2972;4,5,9
2973;7
2974;3,4,5
2975;4,5
2976;8,14,17
2977;8,14
2978;8,15
2979;1,8,14
2980;1,2,5,9
2981;8
2982;1,2
2983;2,8
2984;5
2985;5
2986;1,2,16
2987;2,3,4,15
2988;8
2989;8,17
2990;8
2991;5
2992;5,6,16
2993;5,8
2994;8,14
2995;5,15
2996;2,3,4,5,9
2997;8
2998;5,14
2999;8
3000;16
3001;8
3002;8
3003;5,8,14
3004;14
3005;5,6
3006;2,5,6
3007;5,8
3008;11
3009;8,14,18
3010;5
3011;8,16,17
3012;6,8,16
3013;14,18
3014;8,11
3015;6,10,13,16
3016;4,12
3017;5
3018;8,14
3019;1,8,17,18
3020;6,8
3021;8
3022;8,17
3023;11,15
3024;6,8,16
3025;1,5
3026;8,14
3027;8
3028;6,8,13,16
3029;8,14
3030;5,8,14
3031;5,8,14
3032;1,6,16
3033;1,6,8
3034;1,5
3035;8,14
3036;5
3037;5,14
3038;8
3039;8,16
3040;8
3041;5,15
3042;5
3043;5
3044;5,8,14
3045;16
3046;1,5,6,16
3047;1,5,6,8
3048;1,6,13,14,16
3049;5
3050;3,4
3051;5,14
3052;14,15
3053;16
3054;5,7
3055;1,2,8,17
3056;5
3057;9,11,16
3058;8,16
3059;16
3060;8,17
3061;8
3062;5
3063;5
3064;8
3065;1,2,5,15
3066;5
3067;11,16
3068;5,15
3069;8
3070;5
3071;5,11,16
3072;9,14
3073;5,9
3074;5,14,15
3075;5,14
3076;1,2,9,15
3077;2,5,11
3078;5,11
3079;6,8
3080;5,14
3081;1,2,8,16
3082;11,13
3083;8,14
3084;8,13,14
3085;5,8,14
3086;11,16
3087;5,14
3088;8
3089;5,9,14
3090;3,4
3091;8,14
3092;5
3093;5,8,9,14
3094;3,5,9
3095;1,16
3096;8,14
3097;1,5
3098;8
3099;1,8
3100;16
3101;5,14
3102;7
3103;8
3104;5,8
3105;8
3106;1,8
3107;5
3108;5,8,14
3109;8
3110;8
3111;8
3112;5,8,14
3113;12
3114;11,13
3115;5
3116;15
3117;1
3118;8
3119;1,6,8
3120;5
3121;5,8,14
3122;1,2,17
3123;1,6,8,11,16
3124;8
3125;6,13
3126;5
3127;5
3128;7
3129;6,8
3130;5
3131;5
3132;5
3133;8,17
3134;1,16
3135;5
3136;13,16
3137;5,6,14
3138;5,14
3139;5,14
3140;1,2,4,5
3141;5
3142;8,16
3143;8,16
3144;7
3145;7
3146;1,6,13,16
3147;6,8
3148;5,9
3149;3,4
3150;5,6,8,16
3151;6,8,13
3152;5,8,14
3153;2,5,13,14
3154;5
3155;8,16
3156;8
3157;5,8
3158;5
3159;8
3160;8,14
3161;8
3162;1,6,8
3163;8
3164;1,16
3165;5
3166;5
3167;1,2,5,16
3168;8
3169;1,2,9,15
3170;5
3171;7
3172;5,8,14
3173;8,9
3174;5
3175;5,14
3176;5,8
3177;5,8,12
3178;5,6
3179;8
3180;5
3181;4,9,12
3182;8,14
3183;8
3184;6,10,16
3185;1,5,14
3186;8
3187;7
3188;14,16
3189;2,3,4,5,9,14
3190;5,14
3191;8,12,14
3192;1,8,14,17
3193;2,8
3194;8
3195;8
3196;5,14
3197;5,18
3198;8
3199;2,17,18
3200;8
3201;6,8,16
3202;2,18
3203;18
3204;5,6
3205;8
3206;8,14,17
3207;8,17
3208;1,2,8,17
3209;5
3210;8,14
3211;5,15
3212;1,6,8
3213;8
3214;5,8
3215;5,17
3216;5,7
3217;1,6,16
3218;1,17
3219;6,16
3220;1,8
3221;5,12,14
3222;5,8,14
3223;5
3224;5,14
3225;2,3,4,9
3226;1,2
3227;5
3228;1,6,16
3229;2,8,15
3230;6,8
3231;8,14
3232;5
3233;5,14
3234;6,8
3235;8,14
3236;5
3237;6,8,13,16
3238;8
3239;4,5
3240;1
3241;5
3242;8
3243;6,8,16
3244;5,8,9,14
3245;8
3246;5,12
3247;5,6
3248;1,5
3249;1,5
3250;5,8
3251;5
3252;11
3253;8,9,11
3254;6,8,18
3255;8,16,17
3256;8
3257;5,8,13,16
3258;5,6,8
3259;5,11,15
3260;8,14
3261;8
3262;8
3263;8
3264;10
3265;8
3266;5,8,14,18
3267;8
3268;8,10
3269;8
3270;1,5,15,16
3271;13,16
3272;11
3273;1,8,14,16
3274;8
3275;1,16
3276;1
3277;1,5,8
3278;1,15,16
3279;1,6
3280;2,7
3281;2,3,9,15
3282;5,14
3283;1,8
3284;8
3285;6,8,16
3286;5,8,14
3287;5
3288;7
3289;3,8,15
3290;7
3291;7
3292;5,9
3293;8,17
3294;5,8,14
3295;8
3296;1,6,8
3297;2,5,9
3298;8
3299;5,14
3300;8,17
3301;5,8,12
3302;8,17
3303;5
3304;2,4,5
3305;5,8
3306;11,15
3307;8
3308;5
3309;8
3310;8,14
3311;1,6,8
3312;5,14
3313;5
3314;5,15
3315;5,14
3316;10,13,16
3317;1,5,11,15
3318;1,6,16
3319;5
3320;5,8
3321;4,5
3322;5
3323;8,14
3324;6,13,16
3325;8
3326;5
3327;5
3328;5
3329;11,13,16
3330;5,11
3331;2,3,4,9
3332;5
3333;8
3334;13,14,16
3335;5,8,9
3336;5
3337;5,14,15
3338;5,14
3339;5,8
3340;1
3341;5,11,15
3342;2,8,18
3343;8,14,18
3344;8
3345;11
3346;5,15
3347;5,15
3348;8,16
3349;1,11,15,16
3350;1,15,16
3351;8
3352;5
3353;5,13
3354;5
3355;8,9,14
3356;1,2
3357;1
3358;2,5,15
3359;1,6,8
3360;5,8
3361;1,16
3362;8,17
3363;5,14
3364;1,15
3365;8
3366;1,5
3367;5,8,14
3368;5
3369;5,12,15
3370;8,12,13
3371;2,5,9
3372;5
3373;1,17
3374;8
3375;1,8,13
3376;8
3377;5,8
3378;5,6,14
3379;5,14
3380;5,9
3381;6,8
3382;5,6,13,16
3383;6,8
3384;8
3385;1,5,6
3386;1
3387;8
3388;8
3389;5
3390;5
3391;5,14
3392;5
3393;5
3394;3,5,12
3395;8,15,16
3396;8,14,15
3397;5,8
3398;1,6,16
3399;1
3400;1,16
3401;2,5
3402;1,5,8
3403;1
3404;1,2,15,16
3405;5,14
3406;1,6,16
3407;5,8
3408;5,8,12
3409;1,2,8,15
3410;5,8,14
3411;6,11,16
3412;5,8
3413;5
3414;2,5
3415;1,8
3416;8,11,13,16
3417;5
3418;6,8,16
3419;5,6
3420;5
3421;5
3422;11,16
3423;8
3424;5,14
3425;1,5,6,16
3426;1,5
3427;5
3428;5,6
3429;5
3430;5
3431;5,8
3432;2,4,5,8
3433;2,5
3434;5
3435;2,8
3436;13,16
3437;6,12
3438;6,8
3439;5,11
3440;8,14,16
3441;4,5,14
3442;1,5
3443;8
3444;2,5
3445;5
3446;8,12
3447;5,12,18
3448;8,18
3449;7
3450;8,15
3451;5
3452;11
3453;1,5
3454;5
3455;1,3,5,6,8,14,16
3456;8,11,13,16
3457;1,5,18
3458;5
3459;8
3460;11,16
3461;8,14,17
3462;5
3463;5
3464;5
3465;2,5
3466;11,15,16
3467;5,8,14
3468;14,15
3469;5,14
3470;5,8,14
3471;5,14
3472;11
3473;8
3474;1,4,5
3475;1,4,5
3476;1,4
3477;8,11,13,16
3478;1,2,8,14
3479;5,8,12
3480;5,8
3481;8
3482;6,8,14
3483;7
3484;16
3485;8
3486;8
3487;5
3488;5,6
3489;8,12,14
3490;6,8,16
3491;5,12,15
3492;8
3493;5,14
3494;7
3495;8
3496;8,18
3497;11,16
3498;8
3499;8,14
3500;5,9,11,12,16
3501;11
3502;6,11,13
3503;2,5,14,17
3504;5,14
3505;5,14
3506;1,2,5,6
3507;1,2,8,14,16
3508;8
3509;1,5,14,17
3510;8,16
3511;5,8
3512;13,16
3513;8
3514;8
3515;8,12
3516;2,15
3517;15
3518;16
3519;8
3520;5
3521;1,2,5,8
3522;2,16
3523;4,5
3524;5,14
3525;5,8
3526;1,2,8,17
3527;11
3528;5,14
3529;6,8
3530;5,12
3531;11,13,16
3532;8
3533;8,14
3534;8,14
3535;5,6,14
3536;5,6
3537;1,5
3538;8
3539;6,8,10,13,16
3540;5,8
3541;1,3,15
3542;11
3543;1,6,16
3544;8,12
3545;5
3546;8
3547;5,6
3548;7
3549;6,11,13,16
3550;1
3551;5,8
3552;8
3553;3,8,9
3554;8,9,13,15
3555;11,16
3556;5,14
3557;8,13,15,16
3558;1,5,6,8
3559;8
3560;6,8
3561;8
3562;16
3563;2,3,4,5,9
3564;1,15,16
3565;8
3566;6,8
3567;5,9,14
3568;11,16
3569;2,4,9
3570;5,6,13,16
3571;2,5,9
3572;5
3573;1,6,8,16
3574;8,9,11,16,17
3575;8
3576;5,15
3577;2,5,9
3578;8,12,14
3579;6,8,14
3580;1,2,9
3581;8,17
3582;8
3583;6,8,14,16
3584;8,14
3585;8,14
3586;5
3587;5,8,12
3588;9,13,16
3589;8
3590;5
3591;13,16
3592;8,12
3593;1,15
3594;1,2,15
3595;15
3596;6
3597;1,6,16
3598;1
3599;2,8,16
3600;5,15
3601;2,15
3602;5,6
3603;1,2,5,8,14,16
3604;6,16
3605;1,8,17
3606;8
3607;7
3608;2,18
3609;6,16
3610;2,8,14
3611;1,8,16
3612;15,16
3613;8,17
3614;6,13
3615;8
3616;5,8
3617;5,14
3618;5
3619;13,14,15,16
3620;8
3621;8
3622;8,13,16
3623;5,8
3624;2,5,9,15
3625;5
3626;1,2,9
3627;1,2,15
3628;2
3629;5
3630;2,3,4,5
3631;5,8,14
3632;5,14
3633;2,9
3634;5,8,14
3635;8,14
3636;2,6,8,16
3637;5
3638;2,5,16
3639;8,13,16
3640;8
3641;1,8,17
3642;8,14
3643;8,12,14
3644;5,8,13
3645;8
3646;8,14
3647;8
3648;5,6,13,16
3649;8
3650;5
3651;1,13,16
3652;1,5,6,8,16
3653;8
3654;8,16
3655;8,14
3656;1,2,9
3657;1,2,9
3658;3,9
3659;1,8,15,16
3660;1,5
3661;2,4,5
3662;1,5,6,8
3663;5,8,14
3664;5
3665;15,16
3666;1,8
3667;7
3668;5,8,17
3669;13,15,16
3670;18
3671;1,2,8,16
3672;8,9,11,13,16
3673;8,14
3674;8
3675;1,2,3,8,9
3676;8,14
3677;3,15
3678;8
3679;5,8
3680;5
3681;2,4,5,8
3682;5,14
3683;5
3684;8,14
3685;5,8
3686;5,6,8
3687;4,5
3688;1,16
3689;1,15
3690;5,6
3691;5
3692;4,8
3693;5,9
3694;4,5,8
3695;8,11,16
3696;5,12,14
3697;8,17
3698;6,8,16
3699;2,3,4
3700;5,6,13
3701;8,16
3702;8
3703;5,6
3704;8
3705;5
3706;5,13,16
3707;5,8
3708;8,9,13,14,16
3709;9,11
3710;5,8
3711;5,8
3712;5,14
3713;8,11
3714;7
3715;5
3716;3,9,11,15
3717;8
3718;5,14
3719;1,8,17
3720;1
3721;1
3722;3,4,5,12
3723;11
3724;5,12,14
3725;1,5,6
3726;1,2,15
3727;8,14
3728;6,8
3729;1,15,16
3730;5
3731;11,15
3732;8
3733;8,16
3734;8
3735;5,11
3736;1,2,16
3737;1
3738;5
3739;5,9
3740;2,3,4,5
3741;1,11,15,16
3742;1,5
3743;8
3744;5,14
3745;7
3746;8,14
3747;8,14
3748;5
3749;8
3750;8
3751;7,8
3752;1,8
3753;5,14
3754;1,2
3755;1,5
3756;1,5
3757;1,5
3758;5
3759;1,11,16
3760;5
3761;8
3762;8
3763;1,2,15,16
3764;5,6,8
3765;16
3766;8
3767;8,9,14
3768;8
3769;8
3770;8
3771;5,14
3772;5,14
3773;16
3774;5
3775;5,14
3776;5,6
3777;7,17
3778;6,8,13
3779;5
3780;8,16
3781;6,8,16
3782;5,14
3783;8,16
3784;5,14
3785;5,14
3786;1,2,8,16,18
3787;5,14
3788;8,17
3789;5
3790;5
3791;5,14
3792;4,11,13,16
3793;6,16
3794;1,2,9,16
3795;14,16
3796;6,16
3797;5
3798;8
3799;11,15,16
3800;5,14
3801;7
3802;8,14
3803;6,8,16
3804;6,8
3805;5,6
3806;5
3807;8
3808;5,8
3809;8
3810;8
3811;8,14
3812;8
3813;5,8
3814;1,2,15,16
3815;5,8
3816;11,15
3817;2
3818;2
3819;2
3820;5
3821;8,16
3822;8,14
3823;12,18
3824;8,14,17
3825;5,12,18
3826;5,8,14
3827;1,2,15
3828;8
3829;5,8,14
3830;5
3831;6,8
3832;7
3833;8,16
3834;1,6,8,13,16
3835;2,3,4,18
3836;8
3837;8
3838;5,15
3839;8
3840;8,16
3841;5
3842;8,14
3843;1
3844;8,15
3845;1,5,6
3846;5,8
3847;5,8,16
3848;8,9
3849;1,13,16
3850;2,4,5,9,13
3851;1,8,17
3852;8
3853;5
3854;1,6,16
3855;6,8,14,16
3856;8,17
3857;5
3858;5
3859;2,8,11,13,16
3860;8,10,16
3861;18
3862;5,15,16
3863;1,5
3864;18
3865;1,5,6
3866;5
3867;2,3,4,15
3868;1,6,13,15,16
3869;2,8
3870;8
3871;2,3,4,5
3872;5,14
3873;5,8,14
3874;5,8,14
3875;4,5,14
3876;5,14
3877;5,8
3878;5,18
3879;4,5,9
3880;1,5,15
3881;1,3,4,5
3882;5,8
3883;2,5
3884;1,2,9
3885;6,8
3886;6,8,16
3887;5,8,14
3888;15
3889;5,14
3890;8,14
3891;4,8,12
3892;8,13,16
3893;11,16
3894;8,14
3895;1,5,11,15
3896;1,2,8,16
3897;4,5
3898;5
3899;7
3900;5,8,14
3901;5
3902;11
3903;1,5
3904;1,2,5
3905;2,5,15
3906;8
3907;2,8,14
3908;5
3909;5,13
3910;11,15,16
3911;5,8,14
3912;2,4
3913;5,8
3914;6,8,13,16
3915;1,6,16
3916;5,8,12
3917;5
3918;5,7
3919;8
3920;1,6,8
3921;1,8,15
3922;1,2,5,15
3923;2,8,14
3924;5,8,14
3925;8,14
3926;8,16
3927;5,14
3928;5,8,9,15
3929;8
3930;5,14
3931;8,12
3932;3,4,9
3933;3,4
3934;1,2,9,14
3935;1,5,14,17
3936;1,11,15
3937;15,16
3938;5
3939;12,18
3940;5,6,14,16
3941;6,11,16
3942;5,12
3943;8,16
3944;6,8
3945;16
3946;5
3947;6,11,16
3948;8,11,16
3949;5
3950;5,6
3951;1,6
3952;6,8
3953;5,8
3954;1
3955;5
3956;2,5
3957;5
3958;5
3959;11
3960;5,8
3961;6
3962;4,5
3963;2,5,15
3964;5,15
3965;4,8
3966;5,6
3967;5,6
3968;5,15
3969;5,8
3970;8,16
3971;1,16
3972;5,8
3973;2,17
3974;1,16
3975;5,6,12,13
3976;8,14
3977;8
3978;5,8,14
3979;2,3,9
3980;7
3981;5,14
3982;1,5
3983;8,14
3984;1,5,6,8,16
3985;3,4,12
3986;6,13,16
3987;8
3988;8
3989;8
3990;5,6
3991;8
3992;1,2,9,15
3993;11,15
3994;7
3995;8
3996;8,14
3997;11
3998;5
3999;3,5,17
4000;1,2,5,6,8
4001;11
4002;14
4003;1,5,6
4004;5,8,14,16
4005;8,9
4006;8
4007;7
4008;5,7
4009;2,3,4,9
4010;5,8,14
4011;5,14
4012;1,5,6,16
4013;11,13,16
4014;6,8
4015;8
4016;7
4017;5,8
4018;8
4019;6,8
4020;3,8,17
4021;5,8,14
4022;5,8,12
4023;8
4024;18
4025;1,2,9,15
4026;11,15
4027;5,8
4028;8,14
4029;5
4030;13,16
4031;1,2,5
4032;5,14
4033;16
4034;7,11
4035;7,11
4036;8,14
4037;5,8
4038;5,8
4039;1,11,13,15
4040;8,17
4041;8,11
4042;5,14
4043;11,13
4044;8,11,15,16
4045;5,6
4046;5,9
4047;8,11,16
4048;8
4049;5
4050;11,15
4051;5
4052;1,8,16
4053;11
4054;1,5,7
4055;1,8
4056;13,16
4057;8
4058;8,14
4059;5,8
4060;1,2,5
4061;9,11
4062;8,14,17
4063;5,17
4064;5
4065;1,2,5,6
4066;4,5,9,14
4067;6,16
4068;8
4069;8,14
4070;2,9
4071;8,17
4072;8,14
4073;7,12
4074;14,18
4075;8,16
4076;5,8,14
4077;1,11
4078;5,14
4079;8
4080;2,8
4081;5,8
4082;2,14
4083;1,8
4084;8
4085;5
4086;11,15,16
4087;5,8,14
4088;5
4089;6,8,16
4090;1,2,16
4091;8
4092;5
4093;8
4094;8,16,17
4095;8,14
4096;3,5,12
4097;1,2,6,16
4098;8,14,15
4099;2,3,4,15
4100;11,16
4101;5,11
4102;6,8
4103;8,14
4104;5,8
4105;11,16
4106;6,8,16
4107;5
4108;1,8,17
4109;5,6
4110;6,8
4111;5,8,14
4112;1,15,16
4113;5,8,11
4114;5,6
4115;1,8,17
4116;15
4117;1
4118;11
4119;5,8,12,14
4120;5,14
4121;7
4122;5,6,13,16
4123;5,8,12,14
4124;5
4125;5,14
4126;1,8,15,16
4127;5,8
4128;8
4129;16
4130;8
4131;2,9
4132;8,17
4133;6,8
4134;8
4135;6,8
4136;5,14
4137;6,8,16
4138;1,16
4139;8,16
4140;8
4141;1,17
4142;5,6,8
4143;5,8,14
4144;5,8,14
4145;3,4,8,9
4146;2,9
4147;8,14,17
4148;11,15
4149;11,13,16
4150;8,14
4151;8
4152;8
4153;6,8
4154;4,5,9
4155;5,6,8,12
4156;8,14
4157;8
4158;8,14
4159;8,17
4160;1,2,3,9,15
4161;5,8
4162;8
4163;5,6,8,16
4164;5,7
4165;5,14
4166;6,8,16
4167;5,14
4168;1,5
4169;1,5
4170;1,2,6,8,16
4171;5,8
4172;6,8,13,16
4173;8
4174;5,6,8,14
4175;5
4176;8,14
4177;5,12
4178;8,14
4179;5
4180;6,8,14
4181;5,14
4182;5,14
4183;11,16
4184;8
4185;7
4186;11,16
4187;8
4188;1,6,8
4189;8
4190;1,6,8
4191;11,16
4192;1,16
4193;5,14
4194;7
4195;8,11
4196;8,10
4197;5,6
4198;8
4199;1,15,16
4200;6,8,16
4201;5
4202;3,4,9
4203;1
4204;5,14
4205;8,13,16
4206;5
4207;8,17
4208;2,14
4209;2,5,12
4210;5
4211;5,7
4212;7
4213;5
4214;5,7,12
4215;11,13,16
4216;5
4217;5,6
4218;11,16
4219;8,11,16
4220;5,15
4221;5,14
4222;1,2,5
4223;1,6
4224;3,4
4225;8,14
4226;2,8
4227;14,16
4228;5
4229;2,4
4230;2,4,8
4231;8,14
4232;8,17
4233;5
4234;5,12,14
4235;8,15
4236;1,6,8,16
4237;1,8,17
4238;6,8,16
4239;5
4240;14
4241;5,8,16
4242;7
4243;1,6,8,16
4244;8,13
4245;8,14
4246;5,8,14
4247;5
4248;5
4249;1,5
4250;5
4251;1,8,16
4252;6,8,13,16
4253;8
4254;8
4255;8
4256;5,8,14
4257;1,8,16
4258;8,11,16
4259;8
4260;5,6,8
4261;8
4262;5,14,16
4263;2,4,8
4264;8,13
4265;8,17
4266;8
4267;5,8,14
4268;2,4,15
4269;5,8,14
4270;11,13,16
4271;8
4272;5,8,12,14
4273;8
4274;5
4275;8,11,15,16
4276;3,4
4277;5,14
4278;5,14
4279;8,16,17
4280;1,8,15,16
4281;5
4282;5,8,14
4283;8,16
4284;5,8,14
4285;7
4286;8,9
4287;5,8,14
4288;8,10,13,14
4289;6,8
4290;1,6,8,16
4291;8,16
4292;1,3,15,16
4293;8
4294;5,6,8
4295;5
4296;6,8
4297;7
4298;11
4299;6,8
4300;1,2,15
4301;5
4302;5,12
4303;2,4,5,13
4304;5,6
4305;7
4306;1,5,6
4307;8,16
4308;15
4309;13,15
4310;8,15
4311;7
4312;5,6,14
4313;5,8
4314;5
4315;5,6
4316;5
4317;2,4,5,9,12
4318;5,8
4319;5
4320;6,16
4321;6,11,13,16
4322;5,8
4323;7
4324;8
4325;6,8
4326;7
4327;4,5,14
4328;1,2,15,16
4329;8
4330;6,8,16
4331;8
4332;6,8,16
4333;4,5
4334;5,8
4335;8
4336;5,8,14
4337;5,8,14
4338;5,8,12
4339;8,12
4340;12
4341;8,12
4342;1,2,3,4,9,15
4343;5,12,14
4344;5,12,14
4345;1,2,15,16
4346;5,14
4347;7
4348;5,8,14
4349;3,4
4350;5,8,9,14
4351;5
4352;7
4353;5,8
4354;2,3,4,5
4355;1,6
4356;11,16
4357;7
4358;8
4359;1,6,16
4360;8
4361;18
4362;1,5,6,16
4363;12
4364;1,8,11,15,16
4365;7
4366;5
4367;2,4
4368;5,14
4369;5,7
4370;5
4371;5,18
4372;5,8
4373;1
4374;8,17,18
4375;5,6,13,14
4376;5
4377;4,8
4378;5,17,18
4379;18
4380;7
4381;17
4382;8
4383;8,16
4384;5,14
4385;1,2,8
4386;8
4387;8
4388;7
4389;8
4390;8
4391;8,18
4392;4,5
4393;8
4394;8,14
4395;13,16
4396;8
4397;5,12
4398;5
4399;12,14
4400;1,6,8
4401;5,8,14
4402;1,11,15
4403;1,2,5,6,16
4404;1,16
4405;8,14
4406;8,14
4407;11
4408;6,10
4409;8
4410;8
4411;5,14
4412;2,14
4413;5
4414;8,11,13,16
4415;5
4416;1,2,15
4417;5
4418;2,3,4,9
4419;1,2,15
4420;8,13,16
4421;1,2,5,9
4422;1,9,15
4423;5,8,17
4424;8,14
4425;8,9
4426;1,5,6,16
4427;5,8,14
4428;1,5,16
4429;5,14
4430;6,8,16
4431;8
4432;5,12
4433;2,4,5,8
4434;5,8
4435;4,5
4436;1,5
4437;5,17
4438;5,8
4439;1,2,5,14,16
4440;8
4441;1,2,4
4442;5,6,8,17
4443;5,12
4444;8
4445;5,6
4446;5,8
4447;1,15,16
4448;1,8
4449;5
4450;5
4451;5,8,13
4452;1,5,6,16
4453;1,15
4454;2,5,6,16
4455;5
4456;5,6,14
4457;14,16
4458;8
4459;8
4460;4,5,9
4461;1,16
4462;5,8,14
4463;1,15
4464;7
4465;6,8,10
4466;5
4467;8
4468;8
4469;7
4470;5,6
4471;1,11,16
4472;1,5
4473;18
4474;1,5
4475;5
4476;5,8
4477;1,2,4,9
4478;2,4,5
4479;5
4480;6,11,13,16
4481;11,15,16
4482;5,14
4483;5,14
4484;8,16
4485;8
4486;8,14
4487;1,2,8,15
4488;5,8
4489;2,15
4490;11,15
4491;5,14
4492;5,11,15
4493;8,9,12,14
4494;5,6
4495;5,6
4496;1,2
4497;11,14
4498;5,8,9
4499;7
4500;8
4501;5
4502;8
4503;8,15
4504;7
4505;8,14
4506;1,5,6,9
4507;5,14
4508;5,8
4509;5,8,14
4510;8,18
4511;7
4512;11,16
4513;5,8,12,14
4514;8
4515;5
4516;5,6,8,16
4517;8
4518;11,16
4519;5,6,8
4520;1,2,6,16
4521;5,8,14
4522;5,8,14
4523;3,8,14
4524;11
4525;5
4526;1,5,6
4527;1,2,8
4528;1,14
4529;1
4530;5,6,8
4531;11,15,16
4532;5,12,14
4533;5,14,15,16
4534;5,11
4535;11,14
4536;11
4537;5,8,14
4538;8,16
4539;8
4540;4,5,8
4541;1,9,11
4542;5,11
4543;2,8
4544;5,6
4545;1,2,5
4546;5,8,14
4547;8
4548;5
4549;8,14
4550;7
4551;3,5,9
4552;9,11,15,16
4553;7
4554;5,8,12,14
4555;8
4556;7
4557;5,12
4558;5,8
4559;5,12,14,18
4560;8
4561;8,16
4562;5,8,14
4563;8,13,14
4564;8,9,15
4565;8
4566;4,5,8
4567;4,5
4568;6,8
4569;6,8
4570;4,5,6,12
4571;1,6
4572;11,13,16
4573;5,6
4574;5
4575;1,2,17
4576;16
4577;8,16
4578;5
4579;1,5,16
4580;1,5
4581;5
4582;2,8
4583;8,17
4584;8,11,16
4585;5
4586;5
4587;8
4588;1,11,15
4589;15
4590;5,8,14
4591;5,8
4592;8,14
4593;6,8
4594;5
4595;8,12
4596;1,2,3,9
4597;8
4598;6,8
4599;6,8,16
4600;5,12
4601;5,8
4602;6,8,13,16
4603;6,7
4604;6,8,13
4605;1,11
4606;5,14
4607;1,6,16
4608;8,16
4609;11
4610;5,8
4611;1,2,15
4612;8,14
4613;6,8,16
4614;6,8,13,14,16
4615;8,14,17
4616;8
4617;5,11
4618;2,3,4
4619;8
4620;1,5,6
4621;8
4622;15
4623;2,5,8,9,13,15,16
4624;16
4625;12
4626;5,12,14
4627;8
4628;6,16
4629;8,14,16
4630;6,8
4631;1,2,15,16
4632;7
4633;4,5,9
4634;7
4635;8,14
4636;5,8,14
4637;5
4638;7
4639;1,3,4,9
4640;2,8,17
4641;7
4642;5,13,15
4643;2,16,18
4644;4,5
4645;11,16
4646;6,8,13,14,16
4647;5,6,8,13,14
4648;5,6
4649;4,5,9,11
4650;1,2,15
4651;8
4652;7
4653;7
4654;7
4655;1,6,9,15,16
4656;11,13
4657;8,15
4658;5,14
4659;8,16
4660;8,14,16
4661;5,6
4662;8,11,16
4663;5,8
4664;8,15,16
4665;8
4666;8,17
4667;8,14
4668;8
4669;8
4670;2,8,14
4671;6,9,11
4672;6,8,16
4673;1,2,5,6,8
4674;5,8
4675;5,8,14
4676;1,5
4677;1,15
4678;6,8
4679;8
4680;5,14
4681;1,2,5
4682;11,13,15,16
4683;1,5,6,16
4684;5
4685;1,5,6,8,16
4686;8,14
4687;8
4688;8,14
4689;5,9
4690;8,10,16
4691;5,14
4692;1,8
4693;1,16
4694;6,8,16
4695;5,8
4696;1,8,11,16
4697;5,8,14
4698;8
4699;8,17
4700;5
4701;1,18
4702;5,6
4703;8
4704;1,6,8,16
4705;8,14,16
4706;5,14
4707;8,14
4708;5,9
4709;5,8
4710;8,14
4711;1,6,8,16
4712;5,6
4713;6,8,13,14,16
4714;4,9
4715;5,9,11,16
4716;1,6,8
4717;1,2,5,6
4718;5,12,14
4719;5,12,14
4720;5
4721;8
4722;5,12,14
4723;8
4724;5,12,14
4725;1,6,8
4726;5,9,14
4727;5
4728;4,8
4729;8,12
4730;8,14
4731;8
4732;2,8
4733;8,9
4734;8,17
4735;5,8,9,14
4736;8
4737;1,2,18
4738;8
4739;1,8,14,18
4740;5,6,13
4741;5
4742;2,5,12
4743;1,6,8,16
4744;8
4745;8
4746;8,12,14
4747;5,14
4748;8
4749;5,14
4750;5,14
4751;5,8
4752;2,8
4753;8,14
4754;5,8
4755;1,2,8
4756;5
4757;8,14
4758;5
4759;7
4760;2,3,8,9,15
4761;5,14
4762;5,6,8
4763;5
4764;5,17
4765;5,16
4766;1,6,8
4767;8,14
4768;8,11,16
4769;11,13,16
4770;11,13,16
4771;5,11
4772;3,8,15,17
4773;5,14
4774;5,8,17
4775;8,9,13,15
4776;7
4777;8
4778;1,8,16
4779;8
4780;5,12,14
4781;8,16
4782;5,8,14
4783;8,14
4784;7
4785;8,14
4786;1,2,8,17
4787;8,9,14
4788;5,8,14
4789;5
4790;8,14
4791;1,2,8,9
4792;8,14
4793;5
4794;7,17
4795;8
4796;6,8
4797;4,5
4798;8,14,17
4799;1,15,16
4800;1,2,4,9
4801;8,12
4802;8
4803;5,14
4804;7
4805;5,14
4806;1,6
4807;8
4808;8
4809;8
4810;8,14
4811;8
4812;8,14
4813;8
4814;5
4815;1
4816;1,5
4817;11
4818;2
4819;5
4820;8,11
4821;5
4822;5,14
4823;5,14
4824;2,8,14,16,17
4825;6,8,10,16
4826;6,8,10,14,16
4827;8,18
4828;8
4829;5,8
4830;8,10,13
4831;7
4832;3,5,9
4833;8
4834;1,5,6,8,11,16
4835;15
4836;8,17
4837;8
4838;11,16
4839;2,4,5,9,12
4840;1,2,8,17
4841;8
4842;8,15,16
4843;5,14
4844;2,7
4845;5,6,16
4846;5,6
4847;8,12
4848;5,8,14
4849;5
4850;1,2,4,5,6
4851;8
4852;5,14
4853;8
4854;5,11,15
4855;5,11,16
4856;8
4857;5,17
4858;5,14
4859;5
4860;5,8
4861;8
4862;8
4863;1,2,9
4864;8,17
4865;3,5,9,12
4866;6,8,13,16
4867;5,6,13
4868;1,2,8,17
4869;2,5
4870;1
4871;8,14
4872;5,8
4873;5,8
4874;5
4875;2,5
4876;8
4877;5,11
4878;14
4879;16
4880;5,8
4881;2,8
4882;1,5,6,16
4883;6,8
4884;8
4885;8
4886;6,8,16
4887;10
4888;8,17
4889;5
4890;5,6
4891;1,2,4,5
4892;5,14
4893;13,16
4894;16
4895;8
4896;5,8,14
4897;5,8,14
4898;8,14
4899;1,8,11,16
4900;8,14,15
4901;6,8,16
4902;5,6,8
4903;5,8,14
4904;5,6
4905;6,8,16
4906;1,2,4,5,13
4907;8,13,16
4908;8
4909;1,2,9,11
4910;5,14
4911;1
4912;6,8
4913;8,17,18
4914;5,9,14
4915;1,5,6
4916;8,13,16
4917;2,8
4918;1,8,11
4919;8,12
4920;1,2,5
4921;5,8
4922;8
4923;5,11
4924;5,8
4925;5,16
4926;1,8,16
4927;1,6,16
4928;7
4929;7
4930;5,9,14
4931;1,6,8,13,16
4932;5
4933;8,11,16
4934;5,14
4935;5
4936;1,2,9,11
4937;8
4938;5,14
4939;1,2,8,17
4940;6,8
4941;5,8
4942;11,16
4943;8
4944;2,8,15
4945;1,6
4946;8,14
4947;8
4948;8,11
4949;8
4950;5,14
4951;8,16,17
4952;9,11,16
4953;1,6
4954;11
4955;7
4956;1,2,15,16
4957;1,2,16
4958;8
4959;1,2,16
4960;5,8,14
4961;8
4962;5,14
4963;6,8,16
4964;12,14,18
4965;8
4966;13,16
4967;8
4968;8
4969;5,8
4970;8
4971;11,16
4972;11,13,16
4973;5
4974;2,15
4975;11
4976;1,5,9,11
4977;8,14
4978;8,16
4979;1,2,8,16
4980;5,14
4981;8
4982;1
4983;5,14
4984;5,12
4985;5,8,14
4986;5,9
4987;8,11,14,16
4988;8,12,14
4989;5
4990;1,2,5,14
4991;5
4992;6,8,10,16
4993;5,8
4994;8,11
4995;2,4,15
4996;8
4997;6,8
4998;8
4999;8
5000;1,8,17
5001;1,2,9
5002;8,16
5003;1,8,16,17
5004;8
5005;10,16
5006;8
5007;5
5008;1,8
5009;7
5010;8
5011;1,2,6,16
5012;2,15
5013;8,15
5014;8,15
5015;5,12
5016;6,8
5017;2,8,14
5018;5,14,16
5019;5,6,8,13,14
5020;5,6,13
5021;5,6,13
5022;5,6,13,14
5023;5,6,8,12,13,14
5024;5
5025;2,5,17
5026;9,15
5027;8,9,15
5028;5
5029;1,5
5030;5,11,15
5031;5,11,15
5032;5
5033;11
5034;8,11
5035;5
5036;5,12
5037;18
5038;8,11,15
5039;1,18
5040;6,8,16
5041;2,8,18
5042;1
5043;8,11,15
5044;5
5045;5,6
5046;8,10,16
5047;1,2
5048;6,8,10,16
5049;11,13,16
5050;7
5051;5
5052;8,17
5053;8
5054;8
5055;8
5056;8
5057;6,10
5058;8,16
5059;9,11
5060;8
5061;7,12
5062;1,8,17
5063;6,8,16
5064;8,11,13,16
5065;5
5066;11,15
5067;15
5068;11
5069;5,15
5070;1,15
5071;5,11
5072;9,12,14
5073;8
5074;7
5075;5,8
5076;8
5077;2,3,4,9
5078;1,6,8,16
5079;8,11,13,16
5080;5,8,14
5081;8
5082;5,6,14
5083;6,11,16
5084;6,8
5085;5,8
5086;6,8,10
5087;1,8,17
5088;8
5089;8,11,15
5090;1,8,14,16
5091;8,16,18
5092;1,5
5093;1,2,16,17
5094;8
5095;5
5096;8,14
5097;8
5098;8
5099;5,14
5100;1,8
5101;6,11,15
5102;11,15
5103;11,15
5104;1,6
5105;8
5106;8,15
5107;8
5108;8
5109;3,9,16
5110;6,8
5111;1,2,14
5112;4,5,9,15
5113;5,8
5114;8
5115;5
5116;5,8,17
5117;8
5118;8,13,14
5119;5,11
5120;8,14,17
5121;8,16
5122;6,16
5123;11
5124;13
5125;5,8
5126;1,5,14
5127;8,10
5128;5,6
5129;5,8
5130;1,5,16
5131;1,2,3,5,6,13
5132;5,8,9,14
5133;8
5134;7
5135;8,12
5136;1,16
5137;5,8,14
5138;5
5139;1,6
5140;5,8
5141;5,8,14
5142;8,14
5143;5
5144;8
5145;5,14
5146;8,17
5147;8
5148;8,16
5149;2,6,8
5150;2,3,4,5,12,14
5151;1,2,8,15,16
5152;5,8,14
5153;5
5154;8
5155;5,8
5156;2,9
5157;1,6,11,13,16
5158;1,5,6,8
5159;1,15,16
5160;3,4,5
5161;5,9,16
5162;7
5163;5
5164;8
5165;8
5166;5
5167;5
5168;5,14
5169;5,14
5170;5,6
5171;5,8
5172;5,14
5173;8,11
5174;6,8,10
5175;8,14
5176;5
5177;3,5,8,9,15
5178;5,15
5179;1,8,14,17
5180;15
5181;2,14
5182;8
5183;5,8,9
5184;6,8,16
5185;8
5186;8,14
5187;8,17
5188;8
5189;8
5190;5,7,8
5191;6,8,10,14
5192;14,15
5193;1,2,8,14,16,18
5194;8,9,11
5195;8,17
5196;4,5,12
5197;6,8,10
5198;8,9
5199;1,8,17
5200;8
5201;6,8
5202;1,11,15
5203;1,16
5204;8,12,14
5205;13,16
5206;6,8,11
5207;5
5208;5
5209;8
5210;8,11
5211;2,4,5
5212;5
5213;5,8,14
5214;8,14
5215;1,5,6
5216;8
5217;8,14
5218;2,4,8
5219;8,12
5220;5,12
5221;5,8
5222;3,4,5,12
5223;5,8
5224;7
5225;1,5,11,15
5226;2,5,9,12
5227;7,8
5228;7,17
5229;7
5230;8,13,14,16
5231;2,8,15
5232;1,6,8,16
5233;5,6
5234;6,8,10,16
5235;5,8
5236;1,5
5237;1,5
5238;2,3,8
5239;5
5240;5,9
5241;5
5242;5,14
5243;8
5244;5,8,9,13
5245;7
5246;5,14
5247;11,15
5248;5
5249;1,2,5,15
5250;1,2,15
5251;8,14
5252;1,2,8,17
5253;5
5254;5,14
5255;1,2,15,16
5256;6,8
5257;8
5258;6,8
5259;1,6,16
5260;1,6,9
5261;8,14
5262;6,11,13,16
5263;1,15
5264;2,8
5265;5,8
5266;5,8,15,17
5267;5
5268;5
5269;5,14
5270;2,4,9,12
5271;8,12
5272;8
5273;5
5274;8,17
5275;8
5276;1,8,17
5277;5,8,12,14
5278;2,9,15
5279;5
5280;7
5281;8
5282;7
5283;6,13,16
5284;8,16
5285;6,13,16
5286;13
5287;6,13
5288;16
5289;1,2,9,15
5290;8,13,16
5291;5,8,14
5292;1,2,8,17
5293;5,12
5294;1,6,8,16
5295;5,14
5296;14,15
5297;8
5298;2,5
5299;5,14
5300;5,14
5301;1,11,15,16
5302;8
5303;5
5304;11,16
5305;5,7
5306;2,8,11,15,16
5307;6,16
5308;1,2,8
5309;8,14
5310;8,16
5311;8,14,16
5312;8,14
5313;8
5314;8
5315;8
5316;1,6,8,13,16
5317;1,11,15,16
5318;5,8
5319;1,2,15
5320;5,14
5321;5,14
5322;8,13,15,16
5323;2,8
5324;5,11
5325;8
5326;6,13,16
5327;8
5328;1,8,11,16
5329;2,8
5330;11
5331;3,4,5
5332;1,8,16
5333;5
5334;14
5335;1,5
5336;8,15
5337;8
5338;5,14
5339;1,2,3,5
5340;5,6,8
5341;5,8,9,14
5342;8
5343;8,14
5344;5,11
5345;5,8
5346;3,4,5
5347;1,8
5348;7
5349;15,16
5350;5,8
5351;5
5352;11,13,16
5353;5,8,14
5354;5,8,14
5355;8,13,16
5356;8
5357;8
5358;7
5359;6,8,16
5360;11,13,16
5361;8
5362;8,13
5363;1,2,3,4,5
5364;8
5365;2,3,4,9
5366;8
5367;5,11
5368;1,2,5,6,16
5369;5,8,14
5370;8
5371;1,2,8,13,16
5372;8,16
5373;2,3,4,5
5374;1,2,8,17
5375;4,5
5376;7
5377;8,14
5378;8
5379;1,8,14
5380;1,5,6,16
5381;1,9,11,16
5382;7
5383;5,12
5384;7
5385;2,4,15
5386;8,13,15
5387;11,15
5388;8,14
5389;7,17
5390;8,11
5391;5,9,14
5392;5
5393;8
5394;8,12,14
5395;5,14
5396;9
5397;6,8
5398;5
5399;6,8
5400;5,8,14
5401;12
5402;5,8,14
5403;8,10
5404;5,14
5405;5,14
5406;8,14
5407;2,8
5408;8
5409;5,8,14
5410;8,14
5411;8,10
5412;5,9,14
5413;8,14
5414;5,8
5415;8
5416;5,14
5417;8,14
5418;8
5419;8,10,16
5420;12,14
5421;8,10,13
5422;1,2,8,14
5423;5
5424;5,8
5425;5,12,14,18
5426;1,2,14
5427;6,8
5428;8,12
5429;8
5430;6,8,13,16
5431;6,7,17
5432;5,14
5433;8,17
5434;6,8
5435;8
5436;8,17
5437;8
5438;8
5439;4,5,12,14
5440;5,8,17
5441;11,16
5442;8,11,17
5443;15
5444;8,17
5445;3,4,5
5446;2,17,18
5447;5,8,14
5448;8,17
5449;6,8
5450;1,2,5
5451;5,8,17
5452;1,6,8
5453;1,6,8
5454;5
5455;1,6,8,16
5456;7,8
5457;1,2,3,4,5
5458;1,2,5,6,16
5459;7,12
5460;4,5
5461;5,14
5462;6,8,16
5463;1,2,5,8,14,17
5464;8,14
5465;1,13,16
5466;5,18
5467;9,18
5468;2,5,11,14
5469;6,8,16
5470;5,15,16
5471;11,16
5472;8,14
5473;5,8
5474;8,14
5475;1,6,8
5476;8
5477;1,2,3,4,5,9
5478;1,6,8,16
5479;5,8,14
5480;8
5481;11,16
5482;8,17
5483;15,16
5484;7
5485;1,5,6
5486;5,16
5487;8,12,14
5488;8,14
5489;1
5490;1,8
5491;11,15
5492;1,5
5493;5,8,12
5494;5,11,14
5495;2,5,15
5496;8,13
5497;1,6,8
5498;8,15
5499;5,7
5500;2,8
5501;9,11,15,16
5502;8
5503;1,2,4,6,13,16
5504;2,4,9,15
5505;11,16
5506;7
5507;5,8
5508;4,8
5509;8
5510;2,4,9,15
5511;1,5,6,16
5512;8,13,15
5513;5
5514;8
5515;8,12
5516;5
5517;8
5518;6,8,16
5519;6,8,14
5520;1,2,3,4,9,15
5521;1,5,15
5522;5,8,14
5523;9,11,15,16
5524;1,9,11,14
5525;6,8,16
5526;1,2,8,13,16
5527;8
5528;5,11,15
5529;12
5530;3,9,13
5531;5
5532;2,8,18
5533;2,3,4,8,9
5534;5
5535;5,12,14
5536;1,8,17
5537;5,9
5538;8,9,11,13,16
5539;8
5540;8
5541;1
5542;5,6
5543;1,3,6,8,10,13,15,16
5544;6,8,16
5545;7
5546;8,14
5547;8,11
5548;5
5549;7
5550;5
5551;1,6,16
5552;5,9,14
5553;3,8
5554;5,8,14
5555;2,8,18
5556;6,8,13,14,16
5557;1,9,15,16,17
5558;1,5,14
5559;2,3,5,9,14
5560;8
5561;5
5562;8,12
5563;8,14,16,17
5564;1,2,4,5
5565;8,14
5566;7
5567;8
5568;8
5569;1,15
5570;1,4,5
5571;5,8
5572;1,5,6,8
5573;2,8,9,11,15
5574;1,6,11
5575;5,15
5576;1,8
5577;5
5578;5,14
5579;6,10,13,16
5580;8,9,11,13,15,16
5581;5,8
5582;2,18
5583;3,8,14
5584;1,3
5585;5,8,14
5586;5
5587;6,16
5588;14
5589;8,16
5590;8
5591;1,15
5592;2,3,4,12,14
5593;1,7,8,16
5594;1,11,15
5595;8
5596;5,6,11
5597;8,14
5598;1,6,16
5599;1,2,5,15,16
5600;1,2,8,9,14
5601;15
5602;4,5,9
5603;9,18
5604;8,16
5605;1,6,9
5606;11
5607;1,2,3,4,9,15
5608;1,3,8,9,15
5609;7
5610;5,14
5611;2,3,4,9
5612;1,5
5613;8,14
5614;2,5,9
5615;8
5616;8,9,14,15
5617;5,8
5618;1,3,6,15,16
5619;8,11,13,14,16
5620;5,8,9
5621;1,5,6,9,16
5622;7
5623;2,5,9
5624;3,5
5625;5
5626;8
5627;6,8,13,16,17
5628;8,16
5629;5,8,14
5630;5,8,14,15
5631;1,5,16
5632;11,13
5633;1,3,11
5634;2,18
5635;5,6,11,13,16
5636;5
5637;1,6,16
5638;11,13,15
5639;11,13,16
5640;8
5641;5,14
5642;5,9,13,15
5643;5,14
5644;5,6,8,15,16
5645;5
5646;5,11,12
5647;5,11,13,16
5648;6,8
5649;1,5,11,12
5650;11,13,16
5651;8,15,17
5652;1,2,8,15,16
5653;2,3,4,5
5654;8,14
5655;5,8,14
5656;1,3,8,15
5657;8
5658;11
5659;5,6,8,13,16
5660;1,5,11,15,16,18
5661;5
5662;1,6,16
5663;1,5,8,17
5664;1,5,8
5665;1,8,16,17
5666;1,8,16
5667;2,4,5,9
5668;1,2,8,14
5669;5,6,8,14
5670;8,13,14,17
5671;8,14
5672;1,3,8,15,16
5673;2,3,4,9
5674;8,14
5675;8,14
5676;11,16
5677;8,11,13,16
5678;5
5679;8
5680;8
5681;11
5682;13,16
5683;8
5684;9,11
5685;11,13
5686;8,13,15,16
5687;4,5,6,8,9
5688;1,11,15,17
5689;1,16
5690;1,6,8,16
5691;8
5692;5,8,14
5693;8
5694;1,2,8,17
5695;7,8
5696;8,16
5697;8,16
5698;5,8,14
5699;7
5700;8
5701;6,8,16
5702;8
5703;1,2
5704;8,16
5705;8,11,13,16
5706;7
5707;7
5708;1,2,8,16
5709;8
5710;1,8,17
5711;7
5712;7
5713;7
5714;7
5715;5,7,8
5716;3,8,13,15,16
5717;1,8,9,15
5718;7
5719;8
5720;5,6,8,11,13
5721;8,17
5722;2,4,5,9
5723;8,14
5724;2,5,9
5725;8
5726;8,12,14
5727;8,12
5728;8
5729;5,8
5730;5
5731;6,8,16
5732;8
5733;8
5734;5,9
5735;8
5736;8,11,13,15,16
5737;5,8,14
5738;5,8
5739;5
5740;4,8
5741;8,14
5742;5,16
5743;5,14
5744;6,8
5745;1,6,8
5746;5,8
5747;8,17
5748;5,6
5749;3,9,15,17
5750;5,8
5751;1,3,9,15
5752;3,4,12
5753;1,2,6,8
5754;4,5
5755;8
5756;8
5757;5,12
5758;6,8
5759;6,8,13,16
5760;1,2,5,6,14,16
5761;8,17
5762;1,6,8,16
5763;4,5
5764;1,11,15,16
5765;11,13,16
5766;8,11,13,16
5767;5,14
5768;8
5769;8
5770;5,8
5771;8
5772;6,10
5773;1,2,15
5774;6,8,16
5775;8
5776;1,2,8,14,17
5777;2,3,9,14
5778;1,3,8,15
5779;1,5,14
5780;5,14
5781;5
5782;5,12,14
5783;1,9,11,16
5784;2,4,5,9
5785;4,5,8
5786;8,17
5787;13,16
5788;1,9,11,13,15,16
5789;5
5790;1,5
5791;1,5
5792;8,14
5793;5,11
5794;2,5,6,8,13,16
5795;1,2,5
5796;2,5,14
5797;5,6,8,13
5798;8,17
5799;5,8,14
5800;11,16
5801;1,5
5802;5,6,12
5803;7,17
5804;1,6,8,16
5805;2,3,4,5,9,15
5806;8
5807;11,13
5808;5
5809;8
5810;6,8,16
5811;11,13,15,16
5812;8
5813;1,5,6
5814;4,5,8
5815;5,8
5816;8
5817;2,5,6
5818;5,14
5819;1,5
5820;7
5821;2,5,7
5822;1,8
5823;5,6,8,18
5824;1,5
5825;5
5826;3,5,8,9
5827;1,5,6,8
5828;5,6,8
5829;1,2
5830;2,8,17,18
5831;3,9,15,16
5832;7
5833;8
5834;1,6,10,13,16
5835;5
5836;1,2,5
5837;5,14
5838;8
5839;5,12,14
5840;1,6
5841;8,17
5842;3,8
5843;5
5844;5
5845;8,13,16
5846;8,11,16
5847;8
5848;8,14
5849;5,14
5850;5
5851;8,17
5852;1,2,9,15
5853;8,17
5854;8,11,16
5855;5,9,14
5856;2,5,15
5857;11,16
5858;3,5,15
5859;8,17
5860;5,18
5861;1,6,8
5862;2,5,8
5863;5,8,14
5864;5,6
5865;7
5866;1,6,16
5867;1,8,14,17
5868;11,16
5869;6,8
5870;8,13
5871;5,14
5872;8,13,14,16
5873;8,12,14
5874;3,9,11
5875;8,14
5876;5,12
5877;8
5878;7
5879;1,6,8,16
5880;1,2,15
5881;5
5882;5,14
5883;2,8
5884;5
5885;2,3,4,5
5886;2,5
5887;4,7
5888;11,16
5889;5,8
5890;5,8,14
5891;8,14
5892;2,5,8
5893;1,5,8
5894;7
5895;1,2,5,14
5896;1,2,4,9
5897;11,16
5898;5,8,12
5899;5
5900;8,14
5901;1,6
5902;1,2,9,15
5903;5,8,14
5904;5,8
5905;2,5,14
5906;1,11,16
5907;5,9,14
5908;7
5909;5,8
5910;5,6,16
5911;11
5912;5,6,8,14
5913;5
5914;5,12
5915;1,2,15,16
5916;7
5917;5
5918;8,11,16
5919;8
5920;1,2,15
5921;7
5922;5,14
5923;5,8
5924;6,8
5925;1,11,15
5926;5
5927;1,15,16
5928;4,5
5929;1,6,11
5930;8
5931;8,13
5932;1,2,4,5
5933;1,2,15,16
5934;5,14
5935;5,7
5936;5
5937;1,2,8,16
5938;1,2,15
5939;5,8
5940;1,5,6,8
5941;1,2,5
5942;5,8
5943;5,8
5944;5
5945;8,11,13,16
5946;1,6,8
5947;1,8,17
5948;5,8
5949;7
5950;5
5951;1,6,8,16
5952;2,8
5953;3,8
5954;5
5955;5,14
5956;11,16
5957;8,13,16
5958;2,4,5,9
5959;5,8,15
5960;2,3,4,5,9,17
5961;5,9,11,16
5962;5,8,14
5963;1,2,11,13,15,16
5964;8,16
5965;1,6,16
5966;5,9,14
5967;8
5968;1,6,8,16,17
5969;8,11,13,16
5970;5,8
5971;5,8
5972;2,3,5
5973;1,5,6,16
5974;1,6,8
5975;5,12,18
5976;7
5977;1,11,15
5978;6,8,16
5979;5
5980;1,15
5981;5,11,14
5982;8
5983;1,5,6
5984;9,13,14,16
5985;8
5986;6,8,11,16
5987;1,8,16
5988;3,5,9,12,14
5989;6,8
5990;1,6,8,16
5991;8
5992;8
5993;6,8
5994;1,2,3,9,15
5995;5,8,14
5996;1,2,6,16
5997;2,4,8,9
5998;2,3,4,5
5999;5,6,13,16
6000;1,6,8
6001;8,14
6002;8,14
6003;7
6004;1,2,8,9
6005;7
6006;8
6007;1,11,15,16
6008;5,8
6009;5,8
6010;8
6011;8,14
6012;5,8,14
6013;8
6014;6,8
6015;4,8
6016;6,8,18
6017;1,11,13,16
6018;5,8,14
6019;16
6020;1,2,8,18
6021;5,8
6022;11,16
6023;5,8,14
6024;8
6025;5
6026;2,5,9,11
6027;8
6028;6,8,16
6029;1,8,17
6030;1,2,3,4,5,15
6031;6,16
6032;8,17
6033;11,15,16
6034;5,8
6035;1,8
6036;5,14
6037;8,16
6038;5,8
6039;8,16
6040;11,16
6041;8,14
6042;15
6043;6,11,16
6044;2,8,11,16
6045;2,9,16
6046;8,12,14
6047;8,12,14
6048;1,2,4,9
6049;8
6050;5,12
6051;5,8
6052;1,5,6,16
6053;5,14
6054;8
6055;6,11,13,16
6056;6,8,14
6057;6,8,16,17
6058;2,4,9
6059;1,2,8,9,16
6060;8,14
6061;5,8,14
6062;6,8,14
6063;1,8
6064;5,8
6065;5,8,16
6066;7
6067;5,8,14
6068;5,17
6069;2,6,8
6070;1,6,8,16
6071;5,12
6072;2,5,8
6073;5,8,14
6074;2,5
6075;5,6
6076;5
6077;1,2,5,8,14
6078;5,8
6079;8,16
6080;3,4
6081;11,16
6082;2,8,14
6083;3,8,14,15
6084;9,13,18
6085;1,2,8
6086;7
6087;6,8,13,16
6088;5,8
6089;1,6,15
6090;11
6091;5
6092;8,14
6093;8
6094;5
6095;3,4,5
6096;1,9,11
6097;5
6098;2,4,5,9
6099;2,8,17
6100;1,5
6101;2,5,8,9
6102;8,14
6103;8,17
6104;8
6105;1,5,6,18
6106;5,8
6107;1,6,8,11
6108;8
6109;1,5,6
6110;4,5,9
6111;8,17
6112;11,13,16
6113;5,8,14
6114;5,7
6115;5,8,14
6116;2,5,6
6117;2,3,4,5
6118;6,8,16
6119;11,16
6120;8
6121;6,8
6122;8
6123;1,2,8,14
6124;5,14
6125;1,6,16
6126;1,9,15,16
6127;5,14
6128;1,8,9,11,13,15,16
6129;6,16
6130;5,14
6131;1,3,4,15
6132;2,3,4,5
6133;8,14
6134;1,15,16
6135;5,14
6136;5,8
6137;5,6,8
6138;6,8,16
6139;6,8
6140;4,5,9
6141;5,9,11
6142;5,9,11
6143;5,9,11,15
6144;6,8
6145;8,11,16
6146;2,4,5,9
6147;7
6148;8,14,16
6149;1,6,13
6150;8
6151;7
6152;8
6153;6,8,13
6154;5,8
6155;8
6156;8
6157;11,15,16
6158;6,8,13,16
6159;6,8,10,13
6160;5,11
6161;5,11,15
6162;7
6163;5,11,15
6164;5
6165;1,3,10,15,16
6166;5
6167;5,8,14
6168;5,8,12
6169;8,14
6170;8
6171;6,8
6172;7
6173;5,11
6174;8,16
6175;5,8,12
6176;6,8,16
6177;2,3,4,5,9
6178;9,11,16
6179;5,8
6180;5,8
6181;1,5,6,16
6182;1,2,16
6183;2,4,5
6184;6,8
6185;5
6186;8,11,13,16
6187;8,14
6188;2,3,4,5
6189;5,8
6190;1,2,16
6191;8,13,16
6192;1,15,16
6193;5,8,14
6194;8
6195;3,4,5
6196;8
6197;5,8
6198;8
6199;11,16
6200;5
6201;8,9,14
6202;2,5,8,9,14
6203;5,8
6204;1,2,9
6205;5
6206;5
6207;8,9,13
6208;5,9,14
6209;8,14
6210;7
6211;7
6212;5,14
6213;4,5,8,12,14
6214;5,7,14
6215;8
6216;1,8
6217;1,6,8,16
6218;3,4,5
6219;7
6220;6,16
6221;1,2,15
6222;8,17
6223;8,16
6224;5
6225;2,5,8
6226;8,13,16
6227;8,16
6228;5
6229;7
6230;1,8,16,17
6231;8
6232;5
6233;3,4,9,13
6234;1,5,11,16
6235;5,9,13
6236;1,5
6237;1,5,9
6238;8
6239;5,8,9,14
6240;1,6,8,16
6241;8
6242;5,14
6243;2,3,4,5,9
6244;1,16
6245;8,14
6246;1,6,8,16
6247;9,13,16
6248;8,14
6249;2,5,8,9
6250;2,3,5,9,14,15
6251;8
6252;8,13,16
6253;8,9,16
6254;5,8
6255;4,5,8
6256;5
6257;1,2,5,6
6258;6,8,10
6259;8,9,13,14
6260;8
6261;5
6262;8
6263;6,8,12
6264;4,9
6265;5,8,9,14
6266;5
6267;5,9
6268;8,14
6269;11,13,16
6270;8,17
6271;5,11,16
6272;6,8,13,16
6273;1,11,16
6274;5,8
6275;8
6276;2,5,15,16
6277;7,8
6278;8,14
6279;5,8,14,17
6280;8,9,14
6281;5
6282;5,8,9,14
6283;6,8,13,16
6284;11
6285;8
6286;8
6287;7
6288;2,8,16
6289;1,2,8,17
6290;5,7
6291;8
6292;5,8,14
6293;5
6294;8,9,16
6295;1,2,8
6296;2,3,4,5
6297;5,6
6298;6,8,16
6299;11,16
6300;5
6301;5,8
6302;5,16
6303;1,8,16
6304;8
6305;8,14
6306;8,17
6307;1,5,11,16
6308;8,14
6309;7
6310;8,16
6311;7
6312;5,8,14
6313;1,2,8,15,16
6314;8,13,15,16
6315;8,17
6316;10,16
6317;6,11,16
6318;8,16
6319;6,8,13,16
6320;3,5
6321;6,8,16
6322;5,9
6323;5,15
6324;5,8,14
6325;7
6326;5
6327;5,7
6328;7,8,17
6329;1,2,16
6330;2,3,4,5
6331;5
6332;1,15,16
6333;8
6334;5,8,14
6335;5,14
6336;1,6,8
6337;8
6338;6,18
6339;2,5,12
6340;8
6341;1,2,6,8,16,17
6342;4,5,8,9
6343;1,2,9
6344;1,8
6345;8,9,14
6346;1,8,17
6347;5
6348;8,14
6349;8
6350;8,16
6351;8,12
6352;8
6353;7
6354;8,13,16
6355;5,8
6356;8
6357;1,2
6358;1,8
6359;8,13,16
6360;8,17
6361;1,11,16
6362;8,12
6363;8
6364;5,14
6365;8,14
6366;5
6367;5
6368;11,16
6369;6,8
6370;1,11,16
6371;8
6372;2,4,9
6373;5
6374;11
6375;7
6376;5,8,14
6377;7
6378;5,8,14
6379;1,6,8,16
6380;8,9,11,14
6381;2,5
6382;8,11,16
6383;5,8,14
6384;8,11,16
6385;5,14
6386;5,8
6387;7
6388;3,4,8
6389;14
6390;8
6391;5
6392;5,14
6393;3,5
6394;2,8,9
6395;8,13,16
6396;1,9,16
6397;8,16
6398;5,14
6399;5,14
6400;8,13,16
6401;5
6402;8
6403;8
6404;8
6405;1,5,6,13
6406;2,8,14
6407;6,8,16
6408;1,15,16
6409;8,14
6410;5,11
6411;6,8,16
6412;1,5,8,11,16
6413;15
6414;9
6415;2,5
6416;1,9,17
6417;11,13,16
6418;8,14
6419;2,4,15
6420;5,14
6421;5,8,11,15,16
6422;8,14
6423;8,14
6424;5,8,14
6425;8,9,13,16
6426;11,13,16
6427;8
6428;8
6429;1,8,16
6430;11,16
6431;1,2,3,4,5,9
6432;8,16,17
6433;6,8,16
6434;5,14
6435;5
6436;1,6,11,15,16
6437;11,16
6438;1,2,3,4,5,15
6439;7
6440;1,2,8,17
6441;2,8,15,16
6442;6,8
6443;3,5,9,12
6444;8,16
6445;1,2,3,5,9,13,15
6446;8,12
6447;6,8,13,16
6448;11,16
6449;5,8,14
6450;5
6451;6,8,9,13,16
6452;5
6453;1,2,15,16
6454;5,8
6455;4,5
6456;7
6457;7
6458;1,6,11,16
6459;5,14
6460;3,13,15
6461;1,9,11,16
6462;8
6463;8
6464;5,8,14
6465;5,8,12
6466;11,15,16
6467;1,5,6,14
6468;7
6469;2,3,4,5,9
6470;8,12,14
6471;1,2,5,9
6472;8,11,16
6473;6,8,16
6474;1,2,9
6475;1,2,5,9,14
6476;1,16
6477;5,8,14,15
6478;11,16
6479;5,8,14
6480;6,16
6481;11
6482;5,14
6483;6,11,16
6484;6,8
6485;5,9,11
6486;1,2,9,15
6487;3,4,5
6488;1,2,15
6489;2,6,16
6490;5,11,16
6491;1,2,6,11,16
6492;1,2,8,17
6493;5,8
6494;5
6495;5
6496;7
6497;7,8
6498;8,16
6499;8,11,16
6500;5
6501;1,2,6,16
6502;5,14
6503;5,9
6504;1,15,16
6505;2,8,9
6506;5,14
6507;8,16
6508;8,14,18
6509;7
6510;8,9,12,14
6511;5
6512;2,5,9,14
6513;3,5
6514;6,8,16
6515;5,8,14
6516;5,8
6517;1,6,16
6518;7
6519;6,8,13,16
6520;5
6521;5
6522;1,5,6,16
6523;1,2,9,17
6524;5
6525;5
6526;1,8,16
6527;5,8
6528;4,5
6529;1,8,11,15,16
6530;5,8,14
6531;11
6532;8,16
6533;5,8,14
6534;7
6535;1,5
6536;5,11,16
6537;5
6538;8,13
6539;1,11,15
6540;1,6,8,18
6541;1,5,6
6542;5
6543;6,8
6544;8,14,17
6545;8,15
6546;8,16
6547;8
6548;7
6549;6,8,16
6550;8,13
6551;8
6552;5,8,14
6553;1,2,5,8,16
6554;6,8,16
6555;7
6556;1,2,3,6,9
6557;5,14
6558;8
6559;5,8
6560;1,11,15,16
6561;5
6562;5,14
6563;1,2,8
6564;5
6565;8,14,16,17
6566;1,2,8,9
6567;5,8,14
6568;5,8,14
6569;2,5,8
6570;6,8
6571;8
6572;8,16
6573;8,13,16
6574;5,8
6575;11,16
6576;6,8,13
6577;5
6578;5,6,8
6579;6,8,18
6580;6,8,16
6581;3,8
6582;8
6583;5,8,14
6584;11
6585;5,11
6586;8
6587;6,11,16
6588;7
6589;7
6590;1,6,8,16
6591;5
6592;6,8,16
6593;3,5
6594;6,8,16
6595;8
6596;6,8
6597;5
6598;5,8,14
6599;8
6600;8,12
6601;8,15
6602;8,16,17
6603;1,2,3,9
6604;5,8,15,16
6605;5,7
6606;8,15
6607;5,8,14,17
6608;11,15
6609;2,3,4,5,9,12,14
6610;1,6,16
6611;8,16
6612;2,4,9
6613;1,11,15,16
6614;4,5
6615;3,5,15
6616;8
6617;8
6618;5,8
6619;1,11,16
6620;8,11,13,16
6621;5,8,14
6622;7
6623;8,14
6624;7
6625;5,8
6626;8
6627;11,16
6628;8,9,14
6629;8,11,12,16
6630;1,2
6631;8,18
6632;5,8,17
6633;1,11,15
6634;5,12
6635;5,8,14
6636;5
6637;5,8,14
6638;2,4,9
6639;1,8,15,16
6640;5,8,14
6641;5,14
6642;6,8,16
6643;8
6644;5,8
6645;8,11,16
6646;1,2,9
6647;1,13,15,16
6648;5,11
6649;1,2,8,17
6650;2,3,8,11
6651;3,5,8,14,15
6652;5,6
6653;6,16
6654;1,8,16,17
6655;5
6656;5
6657;11,15,16
6658;1,2,9,15
6659;5,6,8,16
6660;6,15
6661;1,6,8
6662;5,11
6663;1,2,5,14
6664;1,2,8,15,16
6665;5,8,14
6666;6,8,14,16
6667;1,8,16
6668;2,4,8,9
6669;8,12,14
6670;8,14
6671;5
6672;5,14
6673;7
6674;8,16
6675;5
6676;2,14,16
6677;1,6,16
6678;1,8,15,16
6679;2,3,4,5
6680;8,16
6681;6,8,17
6682;8,17
6683;7
6684;5
6685;11,15
6686;5,9,14
6687;8
6688;7,17
6689;1,2,3,9,15
6690;7
6691;8
6692;8
6693;1,6,8
6694;1
6695;5
6696;8,14,15
6697;6,8,14,16
6698;5,8,14
6699;1,6,16
6700;5,8,14
6701;1,8,17
6702;5
6703;8,17
6704;7,12
6705;11,16
6706;2,5,9
6707;11,16
6708;5,14
6709;1,5,15
6710;6,8,16
6711;8,14
6712;2,5
6713;5
6714;1,4,15
6715;1,2,5,9
6716;5,8
6717;5,7
6718;1,11
6719;11
6720;4,5,8
6721;5,7
6722;5,14
6723;5
6724;7
6725;11,13,16
6726;1,2,15
6727;5,14
6728;1,8
6729;1,6,8,16
6730;2,8,9
6731;5,14
6732;5
6733;8,14
6734;2,4,9
6735;8,14
6736;6,8,11,16
6737;1,2,5,15
6738;5
6739;5,14
6740;11,16
6741;7
6742;11,13,16
6743;1,3,4,5
6744;8
6745;5,6,8,11
6746;5
6747;11,16
6748;1,5,8,16
6749;5,8,14
6750;6,8
6751;8,11,16
6752;8,15,16
6753;1,15
6754;8,17
6755;2,3,4,14,15
6756;1,16
6757;1,2,5,6,9
6758;1,5
6759;5
6760;4,5
6761;1,3,5,14,15
6762;4,5,8,13
6763;7
6764;5,8,14
6765;11,13,16
6766;7
6767;5,11
6768;3,4,5,9,12
6769;17
6770;5,12,14
6771;5
6772;1,2,11,15,16
6773;3,4,5
6774;1,2,15
6775;2,4,5,14,15
6776;1,5,9,11,16
6777;11,16
6778;6,8,16
6779;15
6780;1,8,13,15,16
6781;8,16
6782;5,14
6783;6,8
6784;5
6785;8,13,15,16
6786;7
6787;3,4,12
6788;2,9,16
6789;6,11,16
6790;8
6791;8,16
6792;8,14,17
6793;5,8,15
6794;1,2,9,16
6795;11,13,16
6796;8
6797;5,8,14
6798;1,3,6
6799;8,13
6800;1,5,6
6801;1,2,8,17
6802;2,5,8,14
6803;1,8,16
6804;5,8,12,14
6805;1,2,5,17
6806;1,2,3,15
6807;8,13
6808;1,2,15
6809;3,7,8,17
6810;8,9,11,14
6811;5
6812;1,2,15,16
6813;5
6814;5
6815;7
6816;11,13,16
6817;1,18
6818;8
6819;5,6,8
6820;5
6821;1,2,15,16
6822;6,8,16
6823;5
6824;1,5,9,16
6825;8
6826;1,6,16
6827;8
6828;11,15,16
6829;6,13,16
6830;8,16
6831;5,9,14
6832;1,2,9,16
6833;18
6834;1,3,5,11
6835;1,6,16
6836;5
6837;5,8,14
6838;8
6839;6,8
6840;8,14
6841;1,11
6842;3,5,9,15
6843;8,14
6844;1,8,16
6845;2,4,15
6846;1,2,15
6847;1,6,8,16
6848;5,8,14
6849;8
6850;5,14
6851;5,8
6852;8
6853;5,9
6854;8
6855;7
6856;5,14
6857;6,8
6858;8
6859;15
6860;15
6861;1,6
6862;1,2,3,5,9,15
6863;2,9,15
6864;1,2,3,4,5
6865;8,13,14,16
6866;6,8,13
6867;2,8,16
6868;6,8,14
6869;1,2,16
6870;5
6871;8
6872;1,8,16
6873;4,9,12,14
6874;1
6875;8,9
6876;5,12,14
6877;1,2,15
6878;6,11,16
6879;5
6880;8,13
6881;2,4,5
6882;6,8
6883;8
6884;1,11,16
6885;2,8,17,18
6886;1,2,3,4,5
6887;8
6888;8,9,14,16
6889;11
6890;1,2,6,16
6891;5
6892;8,17
6893;8,14
6894;3,5
6895;2,9
6896;8
6897;1,6,8,16
6898;2,3,5,9
6899;7
6900;3,5
6901;8,15,16
6902;8,17
6903;8,17
6904;8,13
6905;6,8
6906;8
6907;8,14
6908;1,2,3
6909;8
6910;8
6911;8,9,13,14
6912;5
6913;8,16,17
6914;3,8,14
6915;1,15
6916;8
6917;2,4,5
6918;5,8
6919;8,14
6920;5
6921;5
6922;7
6923;8,14
6924;8,16,17
6925;7
6926;5,8
6927;2,3,4,9
6928;2,6,16
6929;2,8,9
6930;1,8,17
6931;2,3,4,5,9
6932;5,14
6933;1,2,5,9
6934;1,6,8,16
6935;11,16
6936;1,8
6937;15,16
6938;2,9
6939;1,9,11,16
6940;2,9
6941;5
6942;5,14
6943;1,5,6
6944;8,12
6945;8,11,13,16
6946;1,2,15
6947;11,16
6948;3,9,16
6949;15,16
6950;8,16
6951;5,8,14
6952;5,9
6953;1,3,5,15
6954;8,11,16
6955;7
6956;3
6957;8
6958;5,11
6959;5,8
6960;5,8
6961;8,17
6962;5,8,14
6963;8
6964;11
6965;1,2,5,18
6966;2,5,13
6967;2,3,4,12
6968;5,8,12,15
6969;5,6,11,16
6970;5
6971;2,5,11
6972;11,16
6973;6,14,16
6974;1,8,13,15,16
6975;6,8,13,16
6976;5,8
6977;1,3,4,5
6978;1,13,16
6979;3,15
6980;1,6,8,16
6981;5
6982;5,8,14
6983;7,12
6984;1,5
6985;5,8
6986;5,14
6987;8,9,15,16
6988;5
6989;1,6,8,16
6990;5
6991;5,8
6992;5,8
6993;1,8,17
6994;6,8,16
6995;8
6996;1,5,6
6997;8,13,15,16
6998;8,14
6999;1,15,16
7000;6,8,16
7001;1,2,15
7002;5
7003;1,5,6
7004;1,8,17
7005;7
7006;7
7007;8
7008;6,8,13,16
7009;1,8,16
7010;5
7011;8
7012;2,5,8
7013;1,2,15,16
7014;1,5
7015;2,9,12,14
7016;2,5,6,14
7017;8,17
7018;5,14
7019;8,12
7020;1,3,13,15
7021;5,11
7022;2,3,4,8
7023;1,2,3,8
7024;5
7025;8,13
7026;5,6
7027;1,6,8,16
7028;8,9
7029;6,8,11,16
7030;5,11
7031;5,8,14
7032;4,5
7033;8,9
7034;1,2,5,11
7035;1,2,5,15
7036;5,8,9
7037;6,8,16
7038;6,8
7039;5,14
7040;2,5
7041;2,15
7042;3
7043;1,8,16,17
7044;8,14
7045;6,8,10
7046;1,2,16
7047;1,2,15
7048;7
7049;5,14
7050;5,9,14
7051;6,8,16
7052;1,2,3,4,5,14
7053;1,8,16
7054;3,5
7055;8
7056;5,8,11
7057;1,2,3,11
7058;5,8,14
7059;5
7060;1,2,9
7061;2,9,13,14
7062;8,17
7063;8,17
7064;8,16
7065;8,9
7066;7
7067;5
7068;6,8
7069;8,11,13,16
7070;5,8,14
7071;6,11,16
7072;11,16
7073;13,15,16
7074;5,8,14
7075;6,8,16
7076;2,4,9,15,16
7077;5,8,12,14
7078;1,2,15,16
7079;1,16
7080;1,8,17
7081;18
7082;8,9,14,15
7083;1,3,15
7084;5
7085;5
7086;8,14,15
7087;8,14
7088;5
7089;5,14
7090;5,7,8,14
7091;1,2,4,9
7092;2
7093;8,13
7094;1,5,8,16
7095;7
7096;5
7097;9,11
7098;5
7099;8
7100;11,16
7101;6,8,13,14,16
7102;2,3,15
7103;5,15
7104;8,13
7105;1,2,3,9,15
7106;7
7107;11,15,16
7108;8
7109;1,5,8
7110;1,2,9
7111;5,11,15,16
7112;5,6,8,16
7113;5
7114;11,16
7115;1,15,16
7116;3,4,9
7117;5,8
7118;7
7119;5,15
7120;8,11
7121;8,14
7122;11
7123;11,16
7124;5,8
7125;8
7126;7,8
7127;7
7128;5,8
7129;5,8
7130;1,9,15
7131;3,15
7132;1,3,5,11,16
7133;5,11,16
7134;5,8
7135;5
7136;1,15,16
7137;1,5,11
7138;5,8,13
7139;8,14
7140;8
7141;7
7142;5,14
7143;5,11
7144;2,4,8,9
7145;1,2,8,17
7146;8,14
7147;8,16
7148;8
7149;3,5,8
7150;8,14
7151;1
7152;2,5,14
7153;1,2,8,9,14,15,16
7154;8,14
7155;3,8,13,15,16
7156;6,11,13,16
7157;1,5,8,14
7158;1,2,5,9,11,16
7159;1,6,8,16
7160;1,5
7161;5,8,17
7162;5
7163;2,3,4,5,6
7164;3,4,8,9
7165;1,2,8,15
7166;8
7167;3,4,5,9
7168;1,8,15,16
7169;8
7170;6,8
7171;8,9,11,14,16
7172;1,16
7173;8,14,17
7174;1,6,8,16
7175;1,8
7176;1,16
7177;1,2,3,5,16
7178;3
7179;8,16,17
7180;8
7181;8
7182;3,5,9
7183;8
7184;5
7185;2,3,4,5,15
7186;7
7187;8
7188;6,8,9,11,16
7189;8
7190;3,4,9,12,14
7191;1
7192;5,6,8,14
7193;9,14
7194;1,2,9
7195;1,2,15
7196;5,14
7197;1,6,13,16
7198;8,14
7199;3,4,5,12
7200;5
7201;5,11
7202;11,16
7203;5,8,14
7204;1,8,11,16
7205;8
7206;5,14
7207;1,2,8
7208;1,6,13
7209;6,8
7210;6,8
7211;5,6
7212;1,11,16
7213;1,2
7214;5
7215;5,14
7216;1,5,6
7217;1,5,8
7218;5,8
7219;1,6,8,16
7220;2,4,5,9
7221;6,8,16
7222;5,8
7223;2,3,4,9,12
7224;5
7225;1,6,8
7226;5,8,14
7227;1,9,11,16
7228;5,11
7229;4,9,12
7230;3,9,11,15
7231;5,14
7232;7,8
7233;8,11,13,16
7234;5,8,14
7235;4,8,14
7236;8
7237;5,8,17
7238;11,16
7239;5,14
7240;11,16
7241;8,13,16
7242;8,14
7243;1,6,8,13,16
7244;2,9
7245;1,5,6
7246;8,13,16
7247;3,9
7248;1,4,5
7249;2,8,14
7250;5
7251;1,15
7252;7
7253;5
7254;1,8,11,15,16
7255;8,14,17
7256;7,8
7257;5,9
7258;5,6,8,13
7259;11,16
7260;5,8,14
7261;2,9
7262;3
7263;1,8,16,17
7264;1,6
7265;8,11,15
7266;5,8
7267;5
7268;6,8,16
7269;8,14
7270;11,16,18
7271;8,11,16
7272;1,2,15
7273;8
7274;5
7275;1,5,14
7276;5,6,8,16
7277;5
7278;7
7279;1,15,16
7280;11,16
7281;7,8
7282;5
7283;5,15
7284;6,8,13,16
7285;2,3,4,9
7286;6,16
7287;5,6
7288;1,2,8,9
7289;1,5
7290;1,5,14
7291;3,4,5,14
7292;7
7293;1,2,5
7294;6,7
7295;8,12
7296;7
7297;5
7298;1,8,17
7299;4,5
7300;5,7
7301;8
7302;1,2,8,13,16
7303;8,14
7304;5,8,14
7305;11
7306;5,7
7307;1,2,15,16
7308;1,5
7309;5
7310;2,3,8
7311;15
7312;9,11,16
7313;5,8
7314;2,5
7315;6,8
7316;1,2,8,14,17
7317;8,14
7318;1,8
7319;5,12,15,18
7320;5,8,14
7321;8,14
7322;1,5
7323;13,16
7324;8,17
7325;1,2,9,14
7326;5,8
7327;5,8,17
7328;5
7329;5,8,14
7330;5
7331;8,16
7332;5,14
7333;11,15,16
7334;8,14
7335;13,16
7336;1,8,16,18
7337;1,5,16
7338;2,3,4,5,9
7339;5
7340;8,16
7341;5,18
7342;5,11
7343;2,3,4,5,9
7344;5,8,9,14
7345;7
7346;9,14,16
7347;8
7348;1,2,9
7349;8
7350;7
7351;3,5,9
7352;1,15,16
7353;7
7354;3,4,5,6
7355;1,6,8,13,15,16
7356;5
7357;1,2,4,5,9
7358;1,5,14
7359;1,4,8
7360;5,8
7361;11,16
7362;8,16
7363;1,3
7364;1,16
7365;5,6,13
7366;5,6,14
7367;8,9,14,15
7368;5
7369;6,8,16
7370;6
7371;1
7372;4,5
7373;5,14
7374;1,5
7375;6,7
7376;5,8
7377;1,2,16
7378;1,5,9,12,14
7379;8
7380;9,11,13,16
7381;1,11,16
7382;1,2,9,13
7383;5,8,13
7384;5,8
7385;1,2,3,9,15
7386;11,16
7387;1,6,8
7388;8,16
7389;5,7
7390;1,11,16
7391;5,14
7392;1,2,5,6,16
7393;5,14
7394;1,11,15,16
7395;8
7396;8
7397;7,8,13
7398;6,8,16
7399;5,14
7400;8,14
7401;8
7402;5,8
7403;5,8,14
7404;5,8,14
7405;8
7406;2,3,9
7407;5,8
7408;5,6,8
7409;2,4,9
7410;8,11,13
7411;3,9
7412;2,8
7413;11,13,16
7414;5
7415;5,14
7416;7,13
7417;5,14
7418;8,16
7419;7
7420;8,15
7421;8,14,15
7422;3
7423;8
7424;1,2,5,6,8,10,11,13,16,18
7425;1,5,7
7426;7,17
7427;7
7428;1,5
7429;8
7430;5,14
7431;11
7432;8,14
7433;8,9
7434;1,6,8
7435;11,13,16
7436;5
7437;2,8,16
7438;1,3,4,5,15
7439;8,16
7440;8,14,18
7441;1,8,16
7442;5,8,14
7443;8
7444;6,8,14,16
7445;8
7446;8
7447;5,8
7448;1,2,9
7449;8
7450;3,4,5,9,12,14
7451;7
7452;8
7453;5,8,14
7454;11
7455;5,6
7456;8
7457;6,14
7458;15,16
7459;8,9,14
7460;5,8,14
7461;2,4,9
7462;8,16
7463;1,5
7464;5,11,16
7465;8,13,16
7466;18
7467;1,2,15
7468;5,8,14
7469;8
7470;8
7471;1,8
7472;6,16
7473;8
7474;1,6,8
7475;1,2,5,8,17
7476;8
7477;5
7478;5
7479;2,5,9
7480;2,7,18
7481;8,12,14
7482;3,4,9
7483;5,11
7484;4,5
7485;5,8
7486;1,5,6,9,16
7487;8
7488;1,9,18
7489;2,8,9
7490;8,11
7491;1,15,16,18
7492;6,8,16
7493;3,4
7494;7
7495;5,8
7496;5,8,14
7497;5,8
7498;15,16
7499;7
7500;1,3,8,15
7501;6,11,16
7502;8
7503;5,14
7504;7
7505;5,14
7506;6,8,16
7507;1,2,3,15
7508;5
7509;1,5,8
7510;5
7511;8,13,16
7512;5
7513;2,3,4,5,9,14
7514;5,16
7515;5,8,14
7516;2,5,15
7517;11,15
7518;6,8
7519;5,8,14
7520;1,9,16
7521;1,2,3,4,5,18
7522;5,8
7523;8,11
7524;14,15,16
7525;1,8,16
7526;5
7527;2,8
7528;1,15,16
7529;1,15,17
7530;2,3,5,15
7531;8
7532;3,4
7533;1,2,3,4,5,15
7534;2,4,5,13
7535;3,4
7536;1,5
7537;1,6,8
7538;1,6
7539;5,14
7540;7
7541;9,11,13,16
7542;5
7543;1,5,8
7544;9,11
7545;1,8,13,15,16
7546;8,14
7547;1,9,16
7548;2,3,4,15
7549;7
7550;3,5,15
7551;9,11,16
7552;1,2,6,16
7553;5,8
7554;8,14
7555;5,8
7556;5
7557;5,6
7558;3,4,5
7559;5
7560;11,16
7561;1
7562;1,2,13,16
7563;7
7564;7
7565;3,4,5,11
7566;5,7
7567;5
7568;5,11,13,16
7569;2,3,4,5
7570;8,15
7571;1,2,8,9
7572;5
7573;5
7574;8,13,15
7575;5
7576;8
7577;7
7578;8,14
7579;2,7
7580;1,6
7581;1,6,8,16
7582;7
7583;3,8,9
7584;8,13,17
7585;1,8
7586;5,8,14
7587;5
7588;1,11,15,16
7589;2,9,15
7590;1,2,9
7591;5,9,14
7592;1,6,16
7593;8
7594;5
7595;5
7596;16
7597;8,16
7598;1,5,15
7599;2,5,8
7600;1,5
7601;1,2,3,4,5
7602;1,2,15,16,17
7603;5,8,14
7604;7
7605;5,8
7606;8
7607;13,15,16
7608;5,8
7609;1,2,15
7610;5
7611;5
7612;5
7613;1,2,15,17
7614;5,8,14
7615;1,2,5,9
7616;8
7617;1,6,16
7618;3,5,8
7619;5
7620;5,6
7621;2,3,4,5
7622;7
7623;5,6
7624;7
7625;2,5,14
7626;1,2,8,9,13
7627;6,8,10,16
7628;1,2,15,16,17
7629;5,8,14
7630;8,14
7631;5,6
7632;3,4,5
7633;11
7634;1,8,17
7635;3,5
7636;3,4,5
7637;5,14
7638;5,8
7639;1,6,16
7640;6,8,16
7641;5
7642;8
7643;1,15,16
7644;1,8,15,16
7645;5
7646;5
7647;8
7648;1,5,6
7649;5
7650;11,16
7651;5
7652;11,16
7653;5,11
7654;8,14,15
7655;8
7656;11
7657;8,16
7658;1,2,8,16
7659;7
7660;8
7661;1,2,9
7662;11,16
7663;14,16
7664;2,5
7665;1,6,11,16
7666;7,12
7667;5
7668;11,16
7669;15,16
7670;8
7671;8
7672;8,16
7673;2,3,4
7674;8,14
7675;1,2,15
7676;8,10,16
7677;8
7678;8,16
7679;8
7680;8
7681;11,13,16
7682;1,16
7683;1,8,14
7684;5,8
7685;5,8,15
7686;5,8,14
7687;5
7688;11,15
7689;8
7690;1,8
7691;7
7692;1,8,15
7693;5,8,12
7694;11,13,15,16
7695;8
7696;8
7697;8,16
7698;8,16
7699;1,16,17
7700;1,2
7701;6,15,16
7702;8
7703;5,8
7704;8,16
7705;11
7706;8
7707;2,5,16
7708;1,8,13,16
7709;6,8,16
7710;8
7711;5,14
7712;1,6,16
7713;1,3,6
7714;7
7715;2,3,5,9
7716;1,5,6
7717;8
7718;1,6,8,13,16
7719;1,3,13
7720;7
7721;8
7722;7
7723;4,8,13
7724;1,8,9
7725;5
7726;7
7727;2,6,8
7728;5,8
7729;8,14
7730;4,5,12
7731;2,8,9,14
7732;8,17
7733;5,8,16
7734;3,5,15
7735;8,12,14
7736;4,5,12,14
7737;1,8,9
7738;5
7739;8
7740;5,14
7741;2,3,4,5
7742;2,3,4,5,9
7743;3,4,5
7744;3,4,5,8
7745;1,8
7746;1,6,10
7747;1,2
7748;3,4,12
7749;1,2,8,15,16
7750;1,2,6
7751;1,2,8,16
7752;1,2,5,6,13,16
7753;8,16
7754;5,8
7755;5,14
7756;1,2,16
7757;5,8
7758;8,16
7759;1,11,15,16
7760;5,8,14
7761;3,5
7762;5,16
7763;5
7764;5,8,9
7765;1,6,8,16
7766;7
7767;7
7768;5,12
7769;8
7770;8
7771;5,11
7772;1,9,11
7773;1,8
7774;6,16
7775;8
7776;1,16
7777;5
7778;8,16
7779;8
7780;11,15,16
7781;1,8,16
7782;1,2,8,17
7783;8,17
7784;5,8
7785;1,5,6
7786;11,16
7787;2,3,4,5,9,14
7788;11
7789;1,15,16
7790;8,11,16
7791;5
7792;8,14
7793;7
7794;5,7
7795;1,6,13,16
7796;8,14
7797;5
7798;6,8,9
7799;4,5,8
7800;5,8,14
7801;8,12
7802;1,2,5,15
7803;8,14,15
7804;4,9
7805;11,15
7806;1,9,16
7807;8
7808;5,12
7809;5,12
7810;5,6
7811;7,17
7812;5,8
7813;5
7814;1,2,11
7815;6,16,18
7816;3,4
7817;8,16
7818;5
7819;3,9,12
7820;5
7821;1,16,17
7822;5,6
7823;1,5,14
7824;1,2,15
7825;5,8
7826;8,16
7827;1,5,6
7828;5,8
7829;1,15,16
7830;6,8,16
7831;1,2,8
7832;7
7833;5,14
7834;5,8,14
7835;1,2,9
7836;8
7837;1,5,15
7838;11
7839;5
7840;1,6
7841;5,11,15,16
7842;5,8
7843;5
7844;13,16
7845;8,14
7846;1,16
7847;2,5,9
7848;1,15,16
7849;5,8
7850;7
7851;7
7852;5,14
7853;1,3,9
7854;15,16
7855;5,14
7856;5
7857;8
7858;1,6,16
7859;5,11
7860;8,16
7861;5,14
7862;5,8
7863;5
7864;7
7865;1,5,15
7866;1,2,8
7867;8,13,15
7868;8,9,15
7869;2,3,4,5
7870;1,11,15
7871;11,13,16
7872;5,6,8
7873;8,16
7874;8,14
7875;5
7876;5,8,14
7877;1,6,8,16
7878;1,3
7879;5,8
7880;5,8
7881;2,3,4,5
7882;5,8
7883;1,2,3,4
7884;1,2,3,4
7885;1,3,9
7886;1,2,3,4
7887;1,2,3,15,16
7888;1,2,3,4
7889;3,4,9,12
7890;8
7891;1,2,3,15
7892;2,3,4
7893;5,8,14
7894;5
7895;1,9,11,16
7896;7
7897;5,8,12
7898;5,8,14
7899;3,4,5,9
7900;2,3,4,5
7901;3,5,12
7902;5,9
7903;8,14
7904;1,2,3
7905;1,2,3
7906;1,2,3
7907;1,2,3
7908;6,8,16
7909;1,2,15
7910;1,2,3,9
7911;2,3,5
7912;8,9
7913;6,8,16
7914;8
7915;11
7916;3,4
7917;5,16
7918;2
7919;5,15
7920;4,12,13
7921;5
7922;6,16
7923;1,2,3
7924;1,2,3
7925;1,11,15,16
7926;8,9
7927;5,9,14
7928;3,4,5
7929;5,9,14
7930;1,15,16
7931;5,8
7932;5
7933;1,2,3
7934;1,2,3
7935;1,2,3
7936;8
7937;1,2,16
7938;8
7939;5
7940;6,16
7941;5,8
7942;7
7943;2,3,5
7944;4,5
7945;8
7946;7
7947;1,16
7948;5,8,9
7949;6,8
7950;5,11
7951;6,8,13
7952;7
7953;8,16
7954;8,13
7955;5,14
7956;7
7957;8,14
7958;5,12
7959;7
7960;3,5,15
7961;1,6,15
7962;5
7963;5,8,15
7964;1,11,15
7965;5,14
7966;8
7967;1,15
7968;6,8,16
7969;11,16
7970;8,14
7971;8
7972;8,9,12,13,15
7973;1,6,8,16
7974;11,16
7975;5,9,14
7976;5,8,14
7977;6,8,13
7978;5,8,14
7979;8,14
7980;7
7981;3,5,11
7982;11,16
7983;7
7984;3,4,5
7985;7
7986;1,6,13
7987;8,16
7988;5,6
7989;5,8
7990;1,8,16
7991;11,16
7992;2,5
7993;11
7994;1,6,13,16
7995;8,15
7996;1,2,5,7,9
7997;11,13,16
7998;1,5
7999;5,8
8000;6,8,16
8001;7
8002;8
8003;5,8
8004;3,5
8005;5,8
8006;8
8007;8
8008;2,8
8009;1,2,6
8010;11,15,16
8011;4,6,8
8012;5,7
8013;7
8014;1,3,15
8015;8,17
8016;5
8017;5,11,14
8018;2,8,9,14
8019;5,8,14
8020;1,17
8021;2,3,4,9
8022;5
8023;6,8,16
8024;8,9,16
8025;3,5,14
8026;1,5
8027;1,5
8028;8
8029;3,8,14
8030;1,3,15
8031;1,5,6
8032;1,5
8033;2,5
8034;3,5
8035;2,9
8036;5,8
8037;5,14
8038;1,8,16
8039;1,6,8
8040;5,11,14
8041;5,8
8042;5,14
8043;5
8044;1,6,16
8045;1,8,18
8046;8
8047;5,11
8048;5,11
8049;8,16
8050;8,12,14
8051;11
8052;5
8053;5,9,11
8054;8,14
8055;8
8056;5,8
8057;5
8058;11,13,16
8059;1,6,8
8060;6,8,16
8061;3,5,8,9,15
8062;1,3
8063;7
8064;5,14,15
8065;1,6,16
8066;14,15,16
8067;6,8,16
8068;7
8069;5
8070;5
8071;7
8072;5
8073;1,9,11
8074;5
8075;5,8
8076;8,14
8077;8,14,15
8078;1,16
8079;8,11
8080;5,6
8081;6,8,13,16
8082;5,6
8083;11
8084;8,9,14
8085;1,6,16
8086;5
8087;8,13,14
8088;7
8089;7
8090;1,15,16
8091;2,3,5,15
8092;8,14
8093;1,8,16
8094;11,15,16
8095;5,8
8096;2,5,9,14
8097;1,11,16
8098;2,9
8099;8
8100;5
8101;3,5,11,12
8102;1,2,15,16
8103;8,13,16
8104;1,2,9
8105;2,3,5
8106;5
8107;8,16
8108;1,16
8109;5,8,14
8110;1,3,5
8111;6,8
8112;5,9,16
8113;8
8114;1,2,14
8115;5,14
8116;11
8117;6,16
8118;2,5,14
8119;1,2,15
8120;2,8,16
8121;8
8122;3,9
8123;8,16
8124;3
8125;4,11,15
8126;1,5,6
8127;3
8128;11,16
8129;5,11,15
8130;1,3,9
8131;1,8
8132;1,5
8133;1,15,16
8134;5,8
8135;2,6,8
8136;5
8137;6,16
8138;1,2,8
8139;5,8
8140;8
8141;1,2,15
8142;5
8143;7,9
8144;5
8145;2,5
8146;8,16
8147;5
8148;1,6,16
8149;2,3,9
8150;1,8
8151;7
8152;5
8153;1,6
8154;5,6,8
8155;5,8
8156;11,16
8157;8
8158;7
8159;7
8160;1,2,15
8161;6,13,16
8162;11,16
8163;5,8
8164;5,8,14
8165;1,2,9,15
8166;5
8167;6,11,16
8168;5,9
8169;7
8170;6,8
8171;2,3,5
8172;5
8173;1,2,3
8174;11,16
8175;5,14
8176;1,2,15
8177;1,2,3
8178;16
8179;5,8,14
8180;1,8,11
8181;1,8,15
8182;3,4,5
8183;1,8,16
8184;1,5,15
8185;1,6,16
8186;1,5,6
8187;1,2,18
8188;6,8,13,16
8189;11,16
8190;5,14
8191;5,8,14
8192;5,8
8193;15
8194;5,7
8195;5,8,14
8196;5
8197;8
8198;1,5,9
8199;8,9,16,17
8200;11,16
8201;2,3,4,5,9
8202;1,2,9,15
8203;5,8,14
8204;1,5,6,16
8205;5
8206;5,8
8207;1,5,6
8208;8
8209;5,8
8210;1,2,15
8211;5
8212;2,4,9
8213;3,4,5
8214;5
8215;1
8216;1,3,4,6
8217;5,6
8218;5
8219;1,5,6
8220;1,15,16
8221;2,3,5
8222;7
8223;3,8,14
8224;8
8225;8
8226;5
8227;8,9,14
8228;1,3,15
8229;11,16
8230;5
8231;1,6
8232;2,3,15
8233;1,6
8234;1,15
8235;5,8,14
8236;2,5,12,15
8237;8,13,16
8238;5,14
8239;11,16
8240;1,8
8241;1,5,6
8242;8
8243;1,5,16
8244;5
8245;1,8,17
8246;2,8
8247;5,8,14
8248;5,8,14
8249;8,9
8250;7
8251;2,5
8252;5,11
8253;6,8,16
8254;8,14
8255;3,4,5,9
8256;2,8,16
8257;3,4,5,12
8258;1,6,16
8259;5,6,8
8260;1,13,16
8261;5,6,8
8262;8,11
8263;7
8264;6,8,16
8265;8,9,11
8266;5,8,16
8267;8
8268;1,2,8
8269;1,2,15
8270;5
8271;1,2,9
8272;8
8273;8
8274;5,8,14
8275;5,8
8276;4,8,17
8277;1,2,15
8278;2,9
8279;1,2,9
8280;5
8281;1,5,14
8282;5,8,14
8283;2,8,15
8284;6,8,11
8285;2,3,5,9,12,14
8286;8
8287;5,6,8
8288;1,6,16
8289;8
8290;1,3,8
8291;5,8
8292;7
8293;6,8
8294;2,5,8
8295;8,14,15
8296;1,5,15
8297;8,9
8298;1,8,16,17
8299;5,8
8300;1,8
8301;1,8,13
8302;5,6
8303;5
8304;1,8,15
8305;5,8,17
8306;2,8,15
8307;5,14
8308;11,13,16
8309;5,6
8310;4,5
8311;1,6,16
8312;5
8313;5
8314;5
8315;1,2,9
8316;8,11,14
8317;12
8318;1,2
8319;16
8320;5,6
8321;1,3,9
8322;1,16
8323;8,11,13,16
8324;3,4
8325;5,14
8326;1,2,3,4
8327;1,5
8328;1,8,16
8329;2,14,15
8330;8
8331;2,3,4,5,8,14
8332;8
8333;1,9,15
8334;5,8
8335;8
8336;13,16
8337;1,2,3,9
8338;1,8,17
8339;1,2,3,4,5,9
8340;1,6,15
8341;6
8342;8,13
8343;2,5,9
8344;8
8345;5
8346;8,9,15
8347;8,9,13
8348;1,5,6
8349;7
8350;6,8,16
8351;5
8352;5
8353;5,14
8354;5,8
8355;3,5,8,14
8356;5
8357;5,14
8358;15
8359;1,6,8
8360;5
8361;1,13,16
8362;3,8
8363;3,14
8364;1,8,17
8365;7
8366;6,8,16
8367;2,3,5
8368;11,15,16
8369;1,6,8
8370;5,8,14
8371;5,6,8
8372;5
8373;8
8374;3,5
8375;1,8
8376;5
8377;1,2,15
8378;2,8
8379;2,3,4,5
8380;5,8,14
8381;11,16
8382;2,5,6
8383;8
8384;7
8385;7
8386;1,6,16
8387;1,5
8388;1,15
8389;5,8
8390;11
8391;8
8392;8,16
8393;2,3,4,5
8394;5,7
8395;5
8396;8,15
8397;5,11
8398;5,14
8399;5,11
8400;1,3,4,5,12
8401;1,6,8
8402;8
8403;5
8404;1,2,3,4,5
8405;5
8406;1,15
8407;1,2,15
8408;1,2,15
8409;5
8410;16
8411;5
8412;11,15,16
8413;5
8414;5,14
8415;1,2,4
8416;1,5,11
8417;5,14
8418;8,9
8419;5,18
8420;1,15
8421;1,2,16
8422;1,2,9
8423;5,8
8424;5
8425;8
8426;1,8
8427;8
8428;8,14
8429;1,3,4
8430;8
8431;1,5,6
8432;1,6,16
8433;1,2,3
8434;5,8
8435;8
8436;5,14
8437;8,12
8438;1,15
8439;7
8440;1,2,15
8441;5,8,13
8442;5,14
8443;8
8444;2,3,5
8445;5
8446;3,8,9,13
8447;8,11,16
8448;8
8449;8,16
8450;5,8
8451;15
8452;6,11,16
8453;5,8,14
8454;5
8455;8,15
8456;1,11,16
8457;1,2,15
8458;15,16
8459;1,2
8460;1,2
8461;16
8462;5,11,14
8463;16
8464;8,12
8465;5,8,14
8466;5,11,16
8467;5,8
8468;1,3,6,16
8469;8
8470;11,16
8471;1,2,15
8472;1,2,5
8473;8,13,15
8474;3,5
8475;8,15
8476;5,8
8477;1,6,8
8478;5,6
8479;5
8480;11,16
8481;1,6,16
8482;8
8483;8
8484;8,13,15,16
8485;11,16
8486;5,8,14
8487;6,8,16
8488;16
8489;5,8
8490;11
8491;6,8,16
8492;7,8,12
8493;8
8494;7
8495;1,13,15
8496;8
8497;1,6,13,16
8498;5,14
8499;
8500;8
8501;16
8502;3,8,9
8503;5,8
8504;3,8,9
8505;1,17
8506;5,8,11
8507;2,5,8
8508;11,13
8509;11
8510;5,14
8511;1,8,9
8512;1,5,6
8513;15,16
8514;6,8,16
8515;1,13,15,16
8516;2,3
8517;1,3,5,11
8518;5,11
8519;1,16
8520;1,6
8521;8
8522;7
8523;1,8,17
8524;8,18
8525;5
8526;5,14
8527;6,8,16
8528;1,3,5
8529;2,3,14
8530;5,14
8531;6,8,15,16
8532;8,15,16
8533;1,2
8534;3,5
8535;2,8,14
8536;3,5
8537;8,17
8538;5,14
8539;8
8540;1
8541;6,8,16
8542;8
8543;5,14
8544;1,5,6
8545;1,5
8546;1,8,17
8547;1,5,11
8548;5,12
8549;5,8,14
8550;2,5,11
8551;8,16,17
8552;5,6,8,13,14
8553;5,8
8554;2,15,16
8555;5,14
8556;1,2,8
8557;5,8,16
8558;3,4,5,12,15
8559;5
8560;5
8561;5,8
8562;8
8563;5
8564;1,8,16
8565;8,14
8566;2,8
8567;7,17
8568;3,5
8569;3,4,9
8570;1,2,8
8571;5
8572;1,2,8,15,16
8573;7
8574;7
8575;3
8576;5,6,14
8577;5,6
8578;1,5,6,14
8579;1,2,5,8,9,16
8580;5
8581;2,3,4,5
8582;1,8,16,17
8583;2,3
8584;8
8585;4,5
8586;1,16
8587;2,3,4
8588;5,6,16
8589;5,8,14
8590;7,8,16
8591;8,16
8592;5,11,16
8593;15
8594;6,8,16
8595;6,8,13,16
8596;5
8597;5
8598;5,6,8
8599;2,9
8600;8
8601;8,17
8602;2,13,16
8603;7
8604;5,14
8605;5
8606;5,8
8607;11,14,16
8608;5
8609;3,4,13
8610;8
8611;8
8612;5
8613;5
8614;8
8615;4,5,9,12
8616;5,8
8617;1,5
8618;1,2,5,6
8619;5
8620;2,4,5,9
8621;15,16
8622;1,6,8
8623;2,4,9
8624;5
8625;1,8,16,18
8626;5
8627;3,8,9
8628;5,8,9,13,14
8629;1,16
8630;7
8631;8
8632;1,6,16
8633;1,6,8,13,16
8634;8
8635;1,6,8
8636;1,2,15,16
8637;5
8638;5
8639;6,8,11,13
8640;1,5
8641;2,4,9,15
8642;8
8643;2,4,5
8644;3,4
8645;5
8646;8
8647;7
8648;11
8649;11,16
8650;2,5,14
8651;5,14
8652;5
8653;5
8654;5,11,13,16
8655;5
8656;3,4,5,9
8657;5,17
8658;4,5
8659;8,17
8660;11,13,16
8661;1,8,16
8662;15
8663;1,2,15,16
8664;9,11,16
8665;1,2,9,15
8666;
8667;1,2,9
8668;1,2,15
8669;
8670;1,2,15
8671;1,2,15
8672;1,2,9,15
8673;1,2,5,15
8674;1,2,15
8675;1,2,15
8676;1,2,15
8677;1,2,15
8678;1,15,16
8679;1,2,15
8680;1,2,9,15
8681;1,2,9
8682;4,5,14
8683;5
8684;1
8685;8,14
8686;1,2,8,9
8687;8
8688;5
8689;2,3,4,5
8690;5,8
8691;2,14,15
8692;3,7
8693;6,8,16
8694;11,15,18
8695;2,5,13,14
8696;8,14
8697;2,4,5,9
8698;2,4,5,9
8699;3,4,5
8700;3
8701;2,4,9
8702;1
8703;8,15
8704;1,2,8,17
8705;3,4,9,12
8706;5
8707;3,5,9
8708;2,3,4,5
8709;5,6,14
8710;15,16
8711;5
8712;8,14
8713;8
8714;8
8715;5
8716;8,16
8717;2,5,8
8718;8,13,16
8719;7
8720;7
8721;7
8722;7
8723;7
8724;8
8725;5
8726;5,8
8727;8
8728;5
8729;8,16
8730;5,8
8731;16
8732;1,2,15,16
8733;3,5
8734;5,18
8735;5
8736;5
8737;5
8738;5,14
8739;18
8740;5
8741;1,6,8,16
8742;8,13,14
8743;5
8744;1,11,15
8745;13,16
8746;5,8,14
8747;6,8,14
8748;18
8749;8
8750;5,8,12,14
8751;11
8752;1,2,9
8753;5
8754;7
8755;7
8756;2,5,8
8757;5
8758;1,2,4,5,15
8759;3,4,5
8760;5,15
8761;3,5,15
8762;5
8763;1,2
8764;
8765;5
8766;11,16
8767;5,6,8,14
8768;1,9,15
8769;5,8
8770;5
8771;1
8772;8
8773;5
8774;1,3,15
8775;1,6,8,16
8776;8,9,11,13,16
8777;8,11
8778;4,8,9,14
8779;1,6,8,16
8780;5,8,9
8781;2,4,9,15
8782;2,4,9
8783;5,8
8784;6,8,10,13,16
8785;1,15,16
8786;5
8787;1,2,3,5,15
8788;2,3,4,5,9,15
8789;8,15
8790;1,16
8791;1,6,16
8792;5,11
8793;11,14,15
8794;1,2,15
8795;5
8796;8
8797;5,14
8798;5,6
8799;7
8800;3,4,5
8801;5,6
8802;3,5
8803;5
8804;16
8805;1,6,16
8806;5
8807;5,9
8808;2,3,4,5
8809;1,2
8810;7
8811;1,2,3
8812;5
8813;8
8814;5
8815;5,8
8816;5
8817;1,2,4,13,15
8818;
8819;5,8,11
8820;1,5,6
8821;7,8
8822;8
8823;1,3,15
8824;5,14,16
8825;8,14
8826;5,6,8
8827;1,2,8
8828;5,14
8829;5,8
8830;4,5
8831;1,6,8,13,16
8832;5,14
8833;1,8,16
8834;5,8
8835;5
8836;7
8837;1,6,16
8838;5,6,15
8839;5,8
8840;8,16
8841;11,15,16
8842;5
8843;5,8
8844;8,14
8845;5,14
8846;5,6
8847;5,14,15
8848;5,8
8849;8,11,16
8850;1,5
8851;1,16,18
8852;11,16
8853;1,2,5
8854;5
8855;5,14
8856;3
8857;5,8,14
8858;5,8,14
8859;3,8
8860;5
8861;2,8,15
8862;16
8863;1,5,9,15
8864;5
8865;8
8866;1,16
8867;7
8868;5,8,9
8869;5
8870;5
8871;1,5,6
8872;5,14
8873;2,6,8
8874;7
8875;5,8,14
8876;1,2,8
8877;5
8878;7
8879;5
8880;5
8881;3,4,5
8882;2,3,4,5,8,9
8883;7
8884;
8885;8
8886;2,15
8887;1,5,15
8888;9
8889;5,8
8890;2,4,5,15
8891;8,13
8892;3,5
8893;1,3,6,15
8894;1,13,15,16
8895;1,2,9
8896;5,9,11
8897;1,6,15
8898;1,2,15
8899;1,2,15
8900;4,5
8901;7
8902;1
8903;1,8
8904;5
8905;5,15
8906;2,3,4,5
8907;5,16
8908;1,16
8909;2,3,4,5,9
8910;6,8
8911;1,2,6
8912;1,3,6
8913;1,3
8914;11,15
8915;3,4,5
8916;3,4,5
8917;3,4,5
8918;3,4,5
8919;5
8920;5
8921;5
8922;1,3,15
8923;5
8924;5,7
8925;3,4,5
8926;5
8927;5
8928;3,4
8929;8
8930;8
8931;2,5
8932;11,16
8933;8
8934;6,8
8935;5
8936;5,8
8937;16
8938;1,2,15
8939;1,5
8940;11
8941;5,14
8942;5,8,14
8943;6,8,16
8944;1,2,14,15
8945;1,2,9,15
8946;2
8947;11
8948;8
8949;7
8950;6,16
8951;8,9
8952;5,8
8953;2,8,9
8954;1,2,3
8955;1,2,3,9
8956;1,2,5
8957;6,8,11
8958;5
8959;2,8,16
8960;8
8961;5,8
8962;5
8963;11,16
8964;1,6,8,15
8965;3,4,5,8,14
8966;5
8967;2,3,5
8968;3
8969;8,13,16
8970;1,2,3,8,9
8971;5,11,16
8972;2,8
8973;6,8
8974;11
8975;3
8976;1,8
8977;6,8,13
8978;8,9,11,16
8979;6,16
8980;14
8981;3,5,9
8982;16
8983;1,3,15,16
8984;5,14
8985;5,11
8986;11
8987;5
8988;5
8989;5,11
8990;8,14
8991;8
8992;8
8993;8,11
8994;5
8995;11
8996;5,8
8997;5,14
8998;2,4,15
8999;3,5,15
9000;5,11
9001;6,8,13
9002;3,5,15
9003;5,7
9004;8,14,17
9005;1,5,15,16
9006;8
9007;6,16
9008;1,9,13
9009;5,8
9010;6,8,13,16
9011;11,15
9012;5,8
9013;1,15,16
9014;8,11,15
9015;
9016;1
9017;1,5,11
9018;8
9019;5
9020;1,2,15
9021;5,8
9022;8
9023;6,16
9024;5,11
9025;8
9026;5,11
9027;5,8
9028;2,5
9029;5,8,9,14
9030;5
9031;2,5
9032;5
9033;2,5
9034;7
9035;
9036;8,17
9037;5,11
9038;4,5
9039;5
9040;1,2,3
9041;6,11,16
9042;7
9043;5,11
9044;8
9045;11,16
9046;5,8
9047;1,8,15
9048;5
9049;8,15
9050;5,11,13
9051;2,8,16
9052;
9053;16
9054;8
9055;1,2,15
9056;8
9057;1,5
9058;5
9059;11
9060;5
9061;5
9062;5,6,16
9063;3,5
9064;6
9065;5,8,14
9066;3,9
9067;13,15,16
9068;5,8
9069;1,2,9
9070;8,15,16
9071;8,16
9072;8,16
9073;
9074;8,13,16
9075;1,11,16
9076;7
9077;5,8
9078;5,6,9
9079;5
9080;7
9081;5
9082;7
9083;5
9084;5,14
9085;1,6,8
9086;5,8
9087;1,11,16
9088;5,6,8,14,16
9089;2,5,11
9090;8,16
9091;5
9092;5,11,15
9093;11,18
9094;3,11,13
9095;5,8,16
9096;7
9097;8
9098;4,5,8
9099;15
9100;6,8
9101;8
9102;2,3,4,5
9103;1,16
9104;5
9105;5,14,18
9106;6,13
9107;5
9108;5,8,14
9109;1,2,3
9110;8
9111;2,3,5
9112;7
9113;3,4,5
9114;9,13,16
9115;1,8,16
9116;5
9117;8,14
9118;4,5
9119;5,14
9120;
9121;5
9122;6,13
9123;6,13
9124;6,13
9125;6
9126;6
9127;2,8,9,15
9128;2,8
9129;15
9130;2,4,8,15
9131;2,4,8,15
9132;1,15
9133;15
9134;5,8
9135;1
9136;1,2
9137;5,8
9138;7
9139;2,15,16
9140;5
9141;5,8
9142;8
9143;5
9144;8
9145;5
9146;5,18
9147;5
9148;6,11
9149;4,9
9150;16
9151;2,4,5,8,9,15
9152;3,5
9153;5
9154;5,14
9155;3,9,11,13
9156;11
9157;5,8,11
9158;11,15
9159;11,15
9160;
9161;8,16
9162;5,11
9163;5
9164;4,5
9165;14
9166;1,2,3
9167;5,14
9168;5,14
9169;16
9170;1,8,16
9171;5,11,14,16
9172;1,15,16
9173;11
9174;1,6
9175;1,6,8,13,16
9176;2,4,5,9
9177;5,8,15
9178;5
9179;7
9180;1,5
9181;5
9182;1,5
9183;5
9184;5
9185;1,9,15
9186;8
9187;8
9188;11,16
9189;5,8,9
9190;4,8
9191;8,15,16
9192;5
9193;11,15
9194;7
9195;13
9196;3
9197;8,16
9198;1,3,6,15,16
9199;
9200;2,9
9201;2,8
9202;8
9203;16
9204;1,6,16
9205;1,2,3,4,5
9206;5,17
9207;8
9208;5
9209;5
9210;11
9211;8
9212;8,14
9213;11
9214;1
9215;4
9216;7
9217;2,5
9218;5,8,9
9219;3
9220;4,5,9
9221;5,8,9
9222;5
9223;7
9224;5,7
9225;8,11,13
9226;5
9227;8,16,17
9228;1,2,16
9229;1,5,14
9230;
9231;5,8
9232;5
9233;2
9234;5
9235;5
9236;5
9237;2,3,4,5
9238;5
9239;8
9240;3,5,8
9241;
9242;1,2,8,9
9243;5
9244;13,15
9245;6,16
9246;16
9247;5
9248;5
9249;5,18
9250;5,6
9251;8
9252;8,14,16
9253;1,9
9254;8,16
9255;5
9256;2,3,5
9257;5
9258;3,5
9259;5,8
9260;1,6,8,16
9261;1,6
9262;8,16
9263;3,5
9264;1,2,3,4,5,15
9265;5
9266;8,15
9267;1,3,5
9268;6,13,16
9269;1,5
9270;15
9271;5
9272;1
9273;8,16
9274;1,5,16
9275;8,14,16
9276;2,4,9
9277;4,9
9278;7
9279;3,5
9280;1,8
9281;5,8,14
9282;1,11,15
9283;8
9284;8
9285;13,16
9286;5
9287;5,8
9288;1,5,16
9289;
9290;5,8,14
9291;2,3,9,11,15
9292;5,8,14
9293;5
9294;11
9295;1,2,5
9296;8
9297;5
9298;
9299;3,8,9
9300;7
9301;5
9302;11
9303;8
9304;1,5,11,15
9305;1,5
9306;7
9307;1,16
9308;8
9309;8,17
9310;1
9311;16
9312;1,6,8
9313;1,2
9314;1,11,15
9315;5
9316;2,3,4,5
9317;11
9318;2,4,9
9319;8
9320;8
9321;1
9322;3
9323;1,8,16
9324;1,8,16
9325;3
9326;11
9327;8,16
9328;11,15
9329;8
9330;
9331;5
9332;1,8
9333;15
9334;6,8
9335;5
9336;1
9337;1,3,6,8
9338;5
9339;6,8
9340;1,2,3,8,9,15
9341;16
9342;8,11,16
9343;1,2,11,15
9344;5
9345;16
9346;1,16
9347;5
9348;1,18
9349;8
9350;1,5,6
9351;2,3,4,9
9352;5,14
9353;8
9354;9
9355;16
9356;6,8,16
9357;6,8,16
9358;1,3,13
9359;3,8,15
9360;1,2,9,15
9361;3,4
9362;3
9363;3,8,9,14
9364;3
9365;5
9366;3
9367;8,17
9368;5
9369;2,3,8
9370;3,5
9371;11,16
9372;11
9373;15,16
9374;15
9375;3,4,5
9376;1,2,5,9,15,16
9377;8,9
9378;8,11,15,16
9379;5
9380;7
9381;5,14
9382;7
9383;4,5,8
9384;14
9385;1,15
9386;5,8,14
9387;7
9388;8
9389;13,16
9390;5
9391;5
9392;5,11,15,16
9393;1,6,8,13,16
9394;5
9395;
9396;8
9397;8
9398;8
9399;16
9400;5,9,15
9401;5
9402;7
9403;7
9404;1,5
9405;3,5,8
9406;7
9407;5,8
9408;
9409;2,3,4
9410;2,4,9,15
9411;3,8,14
9412;2,3,4,5,9
9413;5
9414;2,15
9415;1,2,9,15
9416;8,11,16
9417;1,11
9418;16
9419;2,8,14,15
9420;8
9421;8
9422;8
9423;5
9424;3,4,5
9425;7
9426;8
9427;1,2,15
9428;5,8
9429;11
9430;
9431;5
9432;7
9433;5,8
9434;1,3,5
9435;3,5
9436;4,5,8
9437;5
9438;1,2,9,15
9439;3,9,13
9440;5
9441;5
9442;3,9,13
9443;1,6,16
9444;11
9445;1,15
9446;1,2,9
9447;6,8
9448;5,14
9449;8
9450;15,16
9451;9,14
9452;3,4,5
9453;1,2,8
9454;8,14
9455;8
9456;1,8,15
9457;5
9458;8,14
9459;5
9460;
9461;16
9462;11
9463;15
9464;5
9465;8,13
9466;1,2,15
9467;1,11,15,16
9468;1,6,8
9469;1,11,15
9470;1,3,15
9471;8,13,14
9472;5
9473;1,5,8
9474;5,8
9475;5
9476;5
9477;3
9478;8
9479;1,8,17
9480;3,4,5
9481;1,5
9482;1,5
9483;1,2,9,11,16
9484;4,5,9
9485;1,6,8,16
9486;5
9487;7
9488;5
9489;1,3,4,5
9490;11,13,16
9491;2,3,5
9492;5,6,8
9493;7
9494;8
9495;7
9496;
9497;
9498;5
9499;8
9500;
9501;5
9502;8,16,18
9503;1,6,16
9504;1,2,8,15
9505;5,15,17
9506;5,8
9507;
9508;8,13,16
9509;8
9510;5
9511;5,13,14,16
9512;8,14
9513;5
9514;5
9515;7
9516;
9517;2,3,4,5
9518;3,4,5,9
9519;3
9520;2,3,4
9521;3
9522;3
9523;
9524;1,2,3,5
9525;7
9526;2,3,4,9
9527;2,3,4
9528;3,15
9529;1,3,15
9530;3,15
9531;3
9532;1,2,8,15
9533;8
9534;5
9535;5,8,17
9536;7
9537;5
9538;5
9539;1,2,15
9540;1,11,15
9541;7
9542;3,4,5,9
9543;3
9544;
9545;5,6
9546;16
9547;2,4,9
9548;15,16
9549;16
9550;5
9551;5
9552;8,11,13,15,16
9553;1,8,16,17
9554;3,8,9
9555;
9556;11,16
9557;5
9558;5
9559;6,8
9560;5
9561;5
9562;5
9563;9,11,15,18
9564;11
9565;3,4
9566;11
9567;2,3,4
9568;3,4,9
9569;3
9570;3,5
9571;3,9
9572;3,4,5
9573;11,16
9574;1,6,13,16
9575;5
9576;1,6,8,16
9577;1,5
9578;5,6
9579;5,11
9580;7
9581;5
9582;5
9583;3
9584;1,2,5
9585;5
9586;15
9587;2,3,4,5
9588;8
9589;5,8
9590;8,11,13,16
9591;7
9592;8,11,16
9593;
9594;3,4,5,14
9595;6,16
9596;5,8
9597;1
9598;5
9599;1,2,3,9,15
9600;6,8
9601;5
9602;6,8,13
9603;2,3,4
9604;3,14
9605;8
9606;3
9607;7
9608;7
9609;5
9610;5,8,14
9611;2,3,4,5
9612;15,16
9613;5
9614;5
9615;3,6,8
9616;7
9617;5
9618;1,2,4
9619;5
9620;1,11
9621;2,8,9,14
9622;8
9623;5,11
9624;8
9625;8,16
9626;8,17
9627;1,2,9,15
9628;5
9629;2,8,9
9630;8
9631;8
9632;5,8
9633;8,11,16
9634;7
9635;5,8
9636;8,16
9637;7
9638;8
9639;3,4,5
9640;5
9641;5
9642;8,14
9643;
9644;5
9645;
9646;3,4,5
9647;3,5,9
9648;3,4,5
9649;3,15
9650;2,13,15,16
9651;
9652;4,5,15
9653;5
9654;8
9655;1,6,9
9656;6,8,13,16
9657;5
9658;7
9659;5
9660;11,13,16
9661;4
9662;5,8
9663;1,5,6,11
9664;1,13,15,16
9665;3,5
9666;5
9667;5
9668;5
9669;1,15
9670;7
9671;11,13,15,16
9672;6,7
9673;5,8,14
9674;1,2,9
9675;1,2,9
9676;8,16
9677;5
9678;1,6,8,16
9679;2,4,9,15
9680;5,8
9681;8,11,16
9682;2,16
9683;8,9,16
9684;6
9685;1,5
9686;5
9687;1,9,15
9688;1,2,15
9689;1,2,8,15,16
9690;1,2,3,4
9691;1,5,15
9692;1,2,4,15
9693;7
9694;5,9,15
9695;1,2,5,9,15
9696;6,8
9697;5,14
9698;5
9699;2,5,9
9700;5,8
9701;7
9702;1,2,16
9703;1,6,16
9704;1,15
9705;5,6,8
9706;15,16
9707;8,14
9708;5
9709;8
9710;8
9711;3
9712;7
9713;1,2,5,15
9714;1,3,5,15
9715;3,8
9716;5,8
9717;3
9718;7
9719;1,3,5,9
9720;3,5,9
9721;8
9722;1,3
9723;5
